"","area_fips","own_code","industry_code","agglvl_code","size_code","year","qtr","disclosure_code","annual_avg_estabs","annual_avg_emplvl","total_annual_wages","taxable_annual_wages","annual_contributions","annual_avg_wkly_wage","avg_annual_pay","lq_disclosure_code","lq_annual_avg_estabs","lq_annual_avg_emplvl","lq_total_annual_wages","lq_taxable_annual_wages","lq_annual_contributions","lq_annual_avg_wkly_wage","lq_avg_annual_pay","oty_disclosure_code","oty_annual_avg_estabs_chg","oty_annual_avg_estabs_pct_chg","oty_annual_avg_emplvl_chg","oty_annual_avg_emplvl_pct_chg","oty_total_annual_wages_chg","oty_total_annual_wages_pct_chg","oty_taxable_annual_wages_chg","oty_taxable_annual_wages_pct_chg","oty_annual_contributions_chg","oty_annual_contributions_pct_chg","oty_annual_avg_wkly_wage_chg","oty_annual_avg_wkly_wage_pct_chg","oty_avg_annual_pay_chg","oty_avg_annual_pay_pct_chg"
"1",13245,0,"10",70,0,2015,"A",NA,4733,104602,4530623937,803601733,17461834,833,43313,NA,1,1,1,1,1,1,1,NA,36,0.8,2168,2.1,233605642,5.4,27531398,3.5,-965296,-5.2,26,3.2,1364,3.3
"2",13245,1,"10",71,0,2015,"A",NA,56,7466,471219234,0,0,1214,63113,NA,1.85,3.61,3.58,0,0,0.99,0.99,NA,0,0,167,2.3,26933791,6.1,0,0,0,0,44,3.8,2247,3.7
"3",13245,1,"102",72,0,2015,"A",NA,56,7466,471219234,0,0,1214,63113,NA,1.86,3.68,3.64,0,0,0.99,0.99,NA,0,0,167,2.3,26933791,6.1,0,0,0,0,44,3.8,2247,3.7
"4",13245,1,"1021",73,0,2015,"A",NA,12,475,26537953,0,0,1073,55820,NA,0.8,0.95,1.05,0,0,1.1,1.1,NA,0,0,-15,-3.1,1113161,4.4,0,0,0,0,76,7.6,3968,7.7
"5",13245,1,"1022",73,0,2015,"A",NA,1,7,282565,0,0,805,41861,NA,15.84,1.41,0.94,0,0,0.69,0.69,NA,0,0,1,16.7,24914,9.7,0,0,0,0,12,1.5,637,1.5
"6",13245,1,"1023",73,0,2015,"A",NA,1,1,66149,0,0,1272,66149,NA,2.51,0.1,0.07,0,0,0.75,0.75,NA,0,0,0,0,4230,6.8,0,0,0,0,81,6.8,4230,6.8
"7",13245,1,"1024",73,0,2015,"A",NA,5,44,2566797,0,0,1113,57898,NA,6.81,0.91,0.77,0,0,0.84,0.84,NA,-1,-16.7,-4,-8.3,-337643,-11.6,0,0,0,0,-43,-3.7,-2194,-3.7
"8",13245,1,"1025",73,0,2015,"A",NA,6,4376,300662404,0,0,1321,68707,NA,9.12,14.85,16.78,0,0,1.13,1.13,NA,0,0,125,2.9,19664165,7,0,0,0,0,50,3.9,2612,4
"9",13245,1,"1026",73,0,2015,"A",NA,8,261,6663322,0,0,492,25579,NA,10.14,6.77,4.75,0,0,0.7,0.7,NA,0,0,-3,-1.1,305798,4.8,0,0,0,0,29,6.3,1513,6.3
"10",13245,1,"1028",73,0,2015,"A",NA,23,2302,134440044,0,0,1123,58395,NA,1.86,2.04,1.68,0,0,0.82,0.82,NA,0,0,64,2.9,6159166,4.8,0,0,0,0,21,1.9,1073,1.9
"11",13245,1,"44-45",74,0,2015,"A",NA,3,87,2885497,0,0,638,33198,NA,8.62,2.45,3.23,0,0,1.32,1.32,NA,0,0,4,4.8,58292,2.1,0,0,0,0,-14,-2.1,-695,-2.1
"12",13245,1,"445",75,0,2015,"A",NA,1,86,2858468,0,0,640,33270,NA,10.06,9.33,9.59,0,0,1.03,1.03,NA,0,0,4,4.9,72234,2.6,0,0,0,0,-12,-1.8,-640,-1.9
"13",13245,1,"4451",76,0,2015,"A",NA,1,86,2858468,0,0,640,33270,NA,10.16,9.34,9.6,0,0,1.03,1.03,NA,0,0,4,4.9,72234,2.6,0,0,0,0,-12,-1.8,-640,-1.9
"14",13245,1,"44511",77,0,2015,"A",NA,1,86,2858468,0,0,640,33270,NA,11.84,9.94,10.03,0,0,1.01,1.01,NA,0,0,4,4.9,72234,2.6,0,0,0,0,-12,-1.8,-640,-1.9
"15",13245,1,"445110",78,0,2015,"A",NA,1,86,2858468,0,0,640,33270,NA,11.84,9.94,10.03,0,0,1.01,1.01,NA,0,0,4,4.9,72234,2.6,0,0,0,0,-12,-1.8,-640,-1.9
"16",13245,1,"451",75,0,2015,"A",NA,1,0,0,0,0,0,0,NA,44.71,0,0,0,0,0,0,NA,0,0,0,0,0,0,0,0,0,0,0,0,0,0
"17",13245,1,"4511",76,0,2015,"A",NA,1,0,0,0,0,0,0,NA,45.73,0,0,0,0,0,0,NA,0,0,0,0,0,0,0,0,0,0,0,0,0,0
"18",13245,1,"45111",77,0,2015,"A",NA,1,0,0,0,0,0,0,NA,46.79,0,0,0,0,0,0,NA,0,0,0,0,0,0,0,0,0,0,0,0,0,0
"19",13245,1,"451110",78,0,2015,"A",NA,1,0,0,0,0,0,0,NA,46.79,0,0,0,0,0,0,NA,0,0,0,0,0,0,0,0,0,0,0,0,0,0
"20",13245,1,"453",75,0,2015,"A",NA,1,1,27029,0,0,520,27029,NA,95.81,11.91,17.03,0,0,1.43,1.43,NA,0,0,0,0,-13942,-34,0,0,0,0,-110,-17.5,-5748,-17.5
"21",13245,1,"4539",76,0,2015,"A",NA,1,1,27029,0,0,520,27029,NA,111.78,12.23,17.75,0,0,1.44,1.45,NA,0,0,0,0,-13942,-34,0,0,0,0,-110,-17.5,-5748,-17.5
"22",13245,1,"45399",77,0,2015,"A",NA,1,1,27029,0,0,520,27029,NA,111.78,12.23,17.75,0,0,1.44,1.45,NA,0,0,0,0,-13942,-34,0,0,0,0,-110,-17.5,-5748,-17.5
"23",13245,1,"453998",78,0,2015,"A",NA,1,1,27029,0,0,520,27029,NA,111.78,12.23,17.75,0,0,1.44,1.45,NA,0,0,0,0,-13942,-34,0,0,0,0,-110,-17.5,-5748,-17.5
"24",13245,1,"48-49",74,0,2015,"A",NA,9,389,23652456,0,0,1171,60881,NA,0.62,0.85,1,0,0,1.18,1.18,NA,0,0,-18,-4.4,1054869,4.7,0,0,0,0,103,9.6,5347,9.6
"25",13245,1,"488",75,0,2015,"A",NA,2,0,0,0,0,0,0,NA,22.48,0,0,0,0,0,0,NA,0,0,0,0,0,0,0,0,0,0,0,0,0,0
"26",13245,1,"4881",76,0,2015,"A",NA,2,0,0,0,0,0,0,NA,22.48,0,0,0,0,0,0,NA,0,0,0,0,0,0,0,0,0,0,0,0,0,0
"27",13245,1,"48811",77,0,2015,"A",NA,2,0,0,0,0,0,0,NA,22.48,0,0,0,0,0,0,NA,0,0,0,0,0,0,0,0,0,0,0,0,0,0
"28",13245,1,"488111",78,0,2015,"A",NA,2,0,0,0,0,0,0,NA,22.61,0,0,0,0,0,0,NA,0,0,0,0,0,0,0,0,0,0,0,0,0,0
"29",13245,1,"491",75,0,2015,"A",NA,7,389,23652456,0,0,1171,60881,NA,0.48,0.87,1.04,0,0,1.2,1.2,NA,0,0,-18,-4.4,1054869,4.7,0,0,0,0,103,9.6,5347,9.6
"30",13245,1,"4911",76,0,2015,"A",NA,7,389,23652456,0,0,1171,60881,NA,0.48,0.87,1.04,0,0,1.2,1.2,NA,0,0,-18,-4.4,1054869,4.7,0,0,0,0,103,9.6,5347,9.6
"31",13245,1,"49111",77,0,2015,"A",NA,7,389,23652456,0,0,1171,60881,NA,0.48,0.87,1.04,0,0,1.2,1.2,NA,0,0,-18,-4.4,1054869,4.7,0,0,0,0,103,9.6,5347,9.6
"32",13245,1,"491110",78,0,2015,"A",NA,7,389,23652456,0,0,1171,60881,NA,0.48,0.87,1.04,0,0,1.2,1.2,NA,0,0,-18,-4.4,1054869,4.7,0,0,0,0,103,9.6,5347,9.6
"33",13245,1,"51",74,0,2015,"A",NA,1,7,282565,0,0,805,41861,NA,15.84,1.41,0.94,0,0,0.69,0.69,NA,0,0,1,16.7,24914,9.7,0,0,0,0,12,1.5,637,1.5
"34",13245,1,"512",75,0,2015,"A",NA,1,7,282565,0,0,805,41861,NA,402.4,301.12,454.26,0,0,1.55,1.55,NA,0,0,1,16.7,24914,9.7,0,0,0,0,12,1.5,637,1.5
"35",13245,1,"5121",76,0,2015,"A",NA,1,7,282565,0,0,805,41861,NA,402.4,301.12,454.26,0,0,1.55,1.55,NA,0,0,1,16.7,24914,9.7,0,0,0,0,12,1.5,637,1.5
"36",13245,1,"51219",77,0,2015,"A",NA,1,7,282565,0,0,805,41861,NA,503,311.16,456.1,0,0,1.51,1.51,NA,0,0,1,16.7,24914,9.7,0,0,0,0,12,1.5,637,1.5
"37",13245,1,"512199",78,0,2015,"A",NA,1,7,282565,0,0,805,41861,NA,503,311.16,456.1,0,0,1.51,1.51,NA,0,0,1,16.7,24914,9.7,0,0,0,0,12,1.5,637,1.5
"38",13245,1,"52",74,0,2015,"A",NA,1,1,66149,0,0,1272,66149,NA,2.51,0.1,0.07,0,0,0.74,0.74,NA,0,0,0,0,4230,6.8,0,0,0,0,81,6.8,4230,6.8
"39",13245,1,"522",75,0,2015,"A",NA,1,1,66149,0,0,1272,66149,NA,3.06,0.21,0.21,0,0,0.96,0.96,NA,0,0,0,0,4230,6.8,0,0,0,0,81,6.8,4230,6.8
"40",13245,1,"5222",76,0,2015,"A",NA,1,1,66149,0,0,1272,66149,NA,3.06,0.21,0.21,0,0,0.96,0.96,NA,0,0,0,0,4230,6.8,0,0,0,0,81,6.8,4230,6.8
"41",13245,1,"52229",77,0,2015,"A",NA,1,1,66149,0,0,1272,66149,NA,3.06,0.21,0.21,0,0,0.96,0.96,NA,0,0,0,0,4230,6.8,0,0,0,0,81,6.8,4230,6.8
"42",13245,1,"522298",78,0,2015,"A",NA,1,1,66149,0,0,1272,66149,NA,6.73,0.54,0.44,0,0,0.81,0.81,NA,0,0,0,0,4230,6.8,0,0,0,0,81,6.8,4230,6.8
"43",13245,1,"54",74,0,2015,"A",NA,4,34,2295465,0,0,1305,67846,NA,6.09,0.73,0.7,0,0,0.96,0.96,NA,-1,-20,-6,-15,-401281,-14.9,0,0,0,0,8,0.6,427,0.6
"44",13245,1,"541",75,0,2015,"A",NA,4,34,2295465,0,0,1305,67846,NA,6.09,0.73,0.7,0,0,0.96,0.96,NA,-1,-20,-6,-15,-401281,-14.9,0,0,0,0,8,0.6,427,0.6
"45",13245,1,"5412",76,0,2015,"A",NA,1,5,217465,0,0,880,45782,NA,28.74,8.46,9.33,0,0,1.16,1.16,NA,0,0,0,0,-24562,-10.1,0,0,0,0,-67,-7.1,-3444,-7
"46",13245,1,"54121",77,0,2015,"A",NA,1,5,217465,0,0,880,45782,NA,28.74,8.46,9.33,0,0,1.16,1.16,NA,0,0,0,0,-24562,-10.1,0,0,0,0,-67,-7.1,-3444,-7
"47",13245,1,"541219",78,0,2015,"A",NA,1,5,217465,0,0,880,45782,NA,30.03,11.26,10.58,0,0,0.99,0.99,NA,0,0,0,0,-24562,-10.1,0,0,0,0,-67,-7.1,-3444,-7
"48",13245,1,"5413",76,0,2015,"A",NA,1,20,1696159,0,0,1617,84107,NA,2.49,0.56,0.7,0,0,1.24,1.24,NA,0,0,-2,-9.1,-143577,-7.8,0,0,0,0,-16,-1,-804,-0.9
"49",13245,1,"54133",77,0,2015,"A",NA,1,20,1696159,0,0,1617,84107,NA,2.5,0.59,0.74,0,0,1.23,1.23,NA,0,0,-2,-9.1,-143577,-7.8,0,0,0,0,-16,-1,-804,-0.9
"50",13245,1,"541330",78,0,2015,"A",NA,1,20,1696159,0,0,1617,84107,NA,2.5,0.59,0.74,0,0,1.23,1.23,NA,0,0,-2,-9.1,-143577,-7.8,0,0,0,0,-16,-1,-804,-0.9
"51",13245,1,"5415",76,0,2015,"A",NA,1,1,70364,0,0,1083,56291,NA,34.69,8.83,12.33,0,0,1.12,1.12,NA,0,0,-4,-80,-199216,-73.9,0,0,0,0,46,4.4,2375,4.4
"52",13245,1,"54151",77,0,2015,"A",NA,1,1,70364,0,0,1083,56291,NA,34.69,8.83,12.33,0,0,1.12,1.12,NA,0,0,-4,-80,-199216,-73.9,0,0,0,0,46,4.4,2375,4.4
"53",13245,1,"541513",78,0,2015,"A",NA,1,1,70364,0,0,1083,56291,NA,45.73,10.26,13.35,0,0,1.04,1.04,NA,0,0,-4,-80,-199216,-73.9,0,0,0,0,46,4.4,2375,4.4
"54",13245,1,"5418",76,0,2015,"A",NA,1,8,311477,0,0,781,40627,NA,41.06,53.61,52.58,0,0,1.02,1.02,NA,0,0,0,0,-33926,-9.8,0,0,0,0,-8,-1,-411,-1
"55",13245,1,"54185",77,0,2015,"A",NA,1,8,311477,0,0,781,40627,NA,46.79,66.26,63.57,0,0,1,1,NA,0,0,0,0,-33926,-9.8,0,0,0,0,-8,-1,-411,-1
"56",13245,1,"541850",78,0,2015,"A",NA,1,8,311477,0,0,781,40627,NA,46.79,66.26,63.57,0,0,1,1,NA,0,0,0,0,-33926,-9.8,0,0,0,0,-8,-1,-411,-1
"57",13245,1,"56",74,0,2015,"A",NA,1,11,271332,0,0,497,25841,NA,12.9,7.45,6.05,0,0,0.85,0.85,NA,0,0,3,37.5,63638,30.6,0,0,0,0,18,3.8,918,3.7
"58",13245,1,"562",75,0,2015,"A",NA,1,11,271332,0,0,497,25841,NA,77.38,66.68,74.56,0,0,1.17,1.17,NA,0,0,3,37.5,63638,30.6,0,0,0,0,18,3.8,918,3.7
"59",13245,1,"5621",76,0,2015,"A",NA,1,11,271332,0,0,497,25841,NA,77.38,66.68,74.56,0,0,1.17,1.17,NA,0,0,3,37.5,63638,30.6,0,0,0,0,18,3.8,918,3.7
"60",13245,1,"56211",77,0,2015,"A",NA,1,11,271332,0,0,497,25841,NA,77.38,66.68,74.56,0,0,1.17,1.17,NA,0,0,3,37.5,63638,30.6,0,0,0,0,18,3.8,918,3.7
"61",13245,1,"562111",78,0,2015,"A",NA,1,11,271332,0,0,497,25841,NA,77.38,66.68,74.56,0,0,1.17,1.17,NA,0,0,3,37.5,63638,30.6,0,0,0,0,18,3.8,918,3.7
"62",13245,1,"61",74,0,2015,"A",NA,1,5,319063,0,0,1269,66013,NA,14.58,0.56,0.6,0,0,1.1,1.1,NA,0,0,2,66.7,151281,90.2,0,0,0,0,163,14.7,8488,14.8
"63",13245,1,"611",75,0,2015,"A",NA,1,5,319063,0,0,1269,66013,NA,14.58,0.56,0.6,0,0,1.1,1.1,NA,0,0,2,66.7,151281,90.2,0,0,0,0,163,14.7,8488,14.8
"64",13245,1,"6116",76,0,2015,"A",NA,1,5,319063,0,0,1269,66013,NA,30.03,12.44,21.38,0,0,1.78,1.78,NA,0,0,2,66.7,151281,90.2,0,0,0,0,163,14.7,8488,14.8
"65",13245,1,"61169",77,0,2015,"A",NA,1,5,319063,0,0,1269,66013,NA,37.96,13.15,21.77,0,0,1.71,1.71,NA,0,0,2,66.7,151281,90.2,0,0,0,0,163,14.7,8488,14.8
"66",13245,1,"611699",78,0,2015,"A",NA,1,5,319063,0,0,1269,66013,NA,40.24,14.34,23.63,0,0,1.7,1.7,NA,0,0,2,66.7,151281,90.2,0,0,0,0,163,14.7,8488,14.8
"67",13245,1,"62",74,0,2015,"A",NA,5,4371,300343341,0,0,1321,68710,NA,8.48,15.29,17.28,0,0,1.13,1.13,NA,0,0,122,2.9,19512884,6.9,0,0,0,0,50,3.9,2609,3.9
"68",13245,1,"622",75,0,2015,"A",NA,2,4224,296361543,0,0,1349,70163,NA,10.88,17.06,19.25,0,0,1.13,1.13,NA,0,0,103,2.5,18866542,6.8,0,0,0,0,54,4.2,2826,4.2
"69",13245,1,"6221",76,0,2015,"A",NA,2,4224,296361543,0,0,1349,70163,NA,11.09,17.42,19.62,0,0,1.13,1.13,NA,0,0,103,2.5,18866542,6.8,0,0,0,0,54,4.2,2826,4.2
"70",13245,1,"62211",77,0,2015,"A",NA,2,4224,296361543,0,0,1349,70163,NA,11.09,17.42,19.62,0,0,1.13,1.13,NA,0,0,103,2.5,18866542,6.8,0,0,0,0,54,4.2,2826,4.2
"71",13245,1,"622110",78,0,2015,"A",NA,2,4224,296361543,0,0,1349,70163,NA,11.09,17.42,19.62,0,0,1.13,1.13,NA,0,0,103,2.5,18866542,6.8,0,0,0,0,54,4.2,2826,4.2
"72",13245,1,"624",75,0,2015,"A",NA,3,147,3981798,0,0,520,27041,NA,19.35,13.41,14.33,0,0,1.07,1.07,NA,0,0,19,14.8,646342,19.4,0,0,0,0,17,3.4,881,3.4
"73",13245,1,"6241",76,0,2015,"A",NA,2,33,926164,0,0,533,27716,NA,31.94,18.69,17.4,0,0,0.92,0.92,NA,0,0,5,17.9,175318,23.3,0,0,0,0,25,4.9,1293,4.9
"74",13245,1,"62411",77,0,2015,"A",NA,1,15,528501,0,0,670,34846,NA,50.3,30.54,46.82,0,0,1.52,1.52,NA,0,0,1,7.1,56250,11.9,0,0,0,0,13,2,707,2.1
"75",13245,1,"624110",78,0,2015,"A",NA,1,15,528501,0,0,670,34846,NA,50.3,30.54,46.82,0,0,1.52,1.52,NA,0,0,1,7.1,56250,11.9,0,0,0,0,13,2,707,2.1
"76",13245,1,"62419",77,0,2015,"A",NA,1,18,397663,0,0,419,21790,NA,30.03,16.15,11.69,0,0,0.71,0.71,NA,0,0,3,20,119068,42.7,0,0,0,0,52,14.2,2686,14.1
"77",13245,1,"624190",78,0,2015,"A",NA,1,18,397663,0,0,419,21790,NA,30.03,16.15,11.69,0,0,0.71,0.71,NA,0,0,3,20,119068,42.7,0,0,0,0,52,14.2,2686,14.1
"78",13245,1,"6244",76,0,2015,"A",NA,1,114,3055634,0,0,516,26843,NA,16.36,14.19,18,0,0,1.27,1.27,NA,0,0,15,15.2,471024,18.2,0,0,0,0,14,2.8,758,2.9
"79",13245,1,"62441",77,0,2015,"A",NA,1,114,3055634,0,0,516,26843,NA,16.36,14.19,18,0,0,1.27,1.27,NA,0,0,15,15.2,471024,18.2,0,0,0,0,14,2.8,758,2.9
"80",13245,1,"624410",78,0,2015,"A",NA,1,114,3055634,0,0,516,26843,NA,16.36,14.19,18,0,0,1.27,1.27,NA,0,0,15,15.2,471024,18.2,0,0,0,0,14,2.8,758,2.9
"81",13245,1,"71",74,0,2015,"A",NA,6,174,4735362,0,0,524,27228,NA,10.24,5.75,3.86,0,0,0.67,0.67,NA,0,0,2,1.2,284070,6.4,0,0,0,0,27,5.4,1386,5.4
"82",13245,1,"711",75,0,2015,"A",NA,1,5,129878,0,0,500,25976,NA,201.2,5.41,2.72,0,0,0.5,0.5,NA,0,0,0,0,3423,2.7,0,0,0,0,5,1,256,1
"83",13245,1,"7111",76,0,2015,"A",NA,1,5,129878,0,0,500,25976,NA,287.43,5.64,2.87,0,0,0.51,0.51,NA,0,0,0,0,3423,2.7,0,0,0,0,5,1,256,1
"84",13245,1,"71111",77,0,2015,"A",NA,1,5,129878,0,0,500,25976,NA,287.43,5.64,2.87,0,0,0.51,0.51,NA,0,0,0,0,3423,2.7,0,0,0,0,5,1,256,1
"85",13245,1,"711110",78,0,2015,"A",NA,1,5,129878,0,0,500,25976,NA,287.43,5.64,2.87,0,0,0.51,0.51,NA,0,0,0,0,3423,2.7,0,0,0,0,5,1,256,1
"86",13245,1,"713",75,0,2015,"A",NA,5,169,4605484,0,0,524,27265,NA,17.02,14.36,18.51,0,0,1.29,1.29,NA,0,0,2,1.2,280647,6.5,0,0,0,0,27,5.4,1419,5.5
"87",13245,1,"7139",76,0,2015,"A",NA,5,169,4605484,0,0,524,27265,NA,17.4,14.49,18.72,0,0,1.29,1.29,NA,0,0,2,1.2,280647,6.5,0,0,0,0,27,5.4,1419,5.5
"88",13245,1,"71391",77,0,2015,"A",NA,1,19,563134,0,0,572,29769,NA,23.4,12.72,20.89,0,0,1.65,1.65,NA,0,0,-4,-17.4,-17143,-3,0,0,0,0,83,17,4355,17.1
"89",13245,1,"713910",78,0,2015,"A",NA,1,19,563134,0,0,572,29769,NA,23.4,12.72,20.89,0,0,1.65,1.65,NA,0,0,-4,-17.4,-17143,-3,0,0,0,0,83,17,4355,17.1
"90",13245,1,"71393",77,0,2015,"A",NA,1,3,80525,0,0,453,23568,NA,125.75,62.51,96.9,0,0,1.35,1.35,NA,0,0,-1,-25,7371,10.1,0,0,0,0,51,12.7,2667,12.8
"91",13245,1,"713930",78,0,2015,"A",NA,1,3,80525,0,0,453,23568,NA,125.75,62.51,96.9,0,0,1.35,1.35,NA,0,0,-1,-25,7371,10.1,0,0,0,0,51,12.7,2667,12.8
"92",13245,1,"71394",77,0,2015,"A",NA,1,34,724817,0,0,407,21163,NA,11.24,8.11,7.74,0,0,0.95,0.95,NA,0,0,-2,-5.6,111896,18.3,0,0,0,0,77,23.3,3978,23.1
"93",13245,1,"713940",78,0,2015,"A",NA,1,34,724817,0,0,407,21163,NA,11.24,8.11,7.74,0,0,0.95,0.95,NA,0,0,-2,-5.6,111896,18.3,0,0,0,0,77,23.3,3978,23.1
"94",13245,1,"71395",77,0,2015,"A",NA,1,22,465423,0,0,412,21399,NA,19.35,21.88,29.95,0,0,1.39,1.38,NA,0,0,-2,-8.3,-38962,-7.7,0,0,0,0,5,1.2,236,1.1
"95",13245,1,"713950",78,0,2015,"A",NA,1,22,465423,0,0,412,21399,NA,19.35,21.88,29.95,0,0,1.39,1.38,NA,0,0,-2,-8.3,-38962,-7.7,0,0,0,0,5,1.2,236,1.1
"96",13245,1,"71399",77,0,2015,"A",NA,1,91,2771585,0,0,588,30597,NA,10.37,18.5,25.41,0,0,1.38,1.38,NA,0,0,9,11,217485,8.5,0,0,0,0,-15,-2.5,-742,-2.4
"97",13245,1,"713990",78,0,2015,"A",NA,1,91,2771585,0,0,588,30597,NA,10.37,18.5,25.41,0,0,1.38,1.38,NA,0,0,9,11,217485,8.5,0,0,0,0,-15,-2.5,-742,-2.4
"98",13245,1,"72",74,0,2015,"A",NA,2,87,1927960,0,0,428,22267,NA,9.86,10.49,11.01,0,0,1.05,1.06,NA,0,0,-5,-5.4,21728,1.1,0,0,0,0,29,7.3,1528,7.4
"99",13245,1,"721",75,0,2015,"A",NA,1,4,68638,0,0,299,15541,NA,9.31,0.88,0.72,0,0,0.74,0.74,NA,0,0,1,33.3,25585,59.4,0,0,0,0,38,14.6,1945,14.3
"100",13245,1,"7212",76,0,2015,"A",NA,1,4,68638,0,0,299,15541,NA,31.94,29.31,25.8,0,0,0.8,0.8,NA,0,0,1,33.3,25585,59.4,0,0,0,0,38,14.6,1945,14.3
"101",13245,1,"72121",77,0,2015,"A",NA,1,4,68638,0,0,299,15541,NA,31.94,29.31,25.8,0,0,0.8,0.8,NA,0,0,1,33.3,25585,59.4,0,0,0,0,38,14.6,1945,14.3
"102",13245,1,"721211",78,0,2015,"A",NA,1,4,68638,0,0,299,15541,NA,31.94,29.31,25.8,0,0,0.8,0.8,NA,0,0,1,33.3,25585,59.4,0,0,0,0,38,14.6,1945,14.3
"103",13245,1,"722",75,0,2015,"A",NA,1,82,1859322,0,0,435,22629,NA,10.42,21.83,23.17,0,0,1.06,1.06,NA,0,0,-7,-7.9,-3857,-0.2,0,0,0,0,31,7.7,1635,7.8
"104",13245,1,"7225",76,0,2015,"A",NA,1,82,1859322,0,0,435,22629,NA,11.18,23.72,25.13,0,0,1.06,1.06,NA,0,0,-7,-7.9,-3857,-0.2,0,0,0,0,31,7.7,1635,7.8
"105",13245,1,"72251",77,0,2015,"A",NA,1,82,1859322,0,0,435,22629,NA,11.18,23.72,25.13,0,0,1.06,1.06,NA,0,0,-7,-7.9,-3857,-0.2,0,0,0,0,31,7.7,1635,7.8
"106",13245,1,"722511",78,0,2015,"A",NA,1,82,1859322,0,0,435,22629,NA,16.91,34.08,47.16,0,0,1.38,1.38,NA,0,0,-7,-7.9,-3857,-0.2,0,0,0,0,31,7.7,1635,7.8
"107",13245,1,"92",74,0,2015,"A",NA,23,2302,134440044,0,0,1123,58395,NA,1.86,2.04,1.68,0,0,0.82,0.82,NA,0,0,64,2.9,6159166,4.8,0,0,0,0,21,1.9,1073,1.9
"108",13245,1,"921",75,0,2015,"A",NA,3,623,9272592,0,0,286,14884,NA,2.99,5.47,1.23,0,0,0.22,0.22,NA,1,50,26,4.4,410278,4.6,0,0,0,0,1,0.4,41,0.3
"109",13245,1,"9211",76,0,2015,"A",NA,3,623,9272592,0,0,286,14884,NA,2.99,5.47,1.23,0,0,0.22,0.22,NA,1,50,26,4.4,410278,4.6,0,0,0,0,1,0.4,41,0.3
"110",13245,1,"92113",77,0,2015,"A",NA,1,26,2094940,0,0,1530,79555,NA,3.59,0.36,0.43,0,0,1.19,1.19,NA,0,0,-1,-3.7,46376,2.3,0,0,0,0,57,3.9,2973,3.9
"111",13245,1,"921130",78,0,2015,"A",NA,1,26,2094940,0,0,1530,79555,NA,3.59,0.36,0.43,0,0,1.19,1.19,NA,0,0,-1,-3.7,46376,2.3,0,0,0,0,57,3.9,2973,3.9
"112",13245,1,"92119",77,0,2015,"A",NA,2,597,7177652,0,0,231,12030,NA,2.78,21.75,3.9,0,0,0.18,0.18,NA,1,100,27,4.7,363902,5.3,0,0,0,0,1,0.4,83,0.7
"113",13245,1,"921190",78,0,2015,"A",NA,2,597,7177652,0,0,231,12030,NA,2.78,21.75,3.9,0,0,0.18,0.18,NA,1,100,27,4.7,363902,5.3,0,0,0,0,1,0.4,83,0.7
"114",13245,1,"922",75,0,2015,"A",NA,7,80,7474248,0,0,1791,93137,NA,3.92,0.43,0.49,0,0,1.15,1.15,NA,0,0,3,3.9,621678,9.1,0,0,0,0,89,5.2,4622,5.2
"115",13245,1,"9221",76,0,2015,"A",NA,7,80,7474248,0,0,1791,93137,NA,3.92,0.43,0.49,0,0,1.15,1.15,NA,0,0,3,3.9,621678,9.1,0,0,0,0,89,5.2,4622,5.2
"116",13245,1,"92211",77,0,2015,"A",NA,1,49,4123223,0,0,1635,85015,NA,3.29,1.96,2.14,0,0,1.1,1.1,NA,0,0,0,0,315450,8.3,0,0,0,0,130,8.6,6773,8.7
"117",13245,1,"922110",78,0,2015,"A",NA,1,49,4123223,0,0,1635,85015,NA,3.29,1.96,2.14,0,0,1.1,1.1,NA,0,0,0,0,315450,8.3,0,0,0,0,130,8.6,6773,8.7
"118",13245,1,"92212",77,0,2015,"A",NA,5,21,2248767,0,0,2076,107941,NA,5.44,0.21,0.25,0,0,1.23,1.23,NA,0,0,2,10.5,236565,11.8,0,0,0,0,21,1,1098,1
"119",13245,1,"922120",78,0,2015,"A",NA,5,21,2248767,0,0,2076,107941,NA,5.44,0.21,0.25,0,0,1.23,1.23,NA,0,0,2,10.5,236565,11.8,0,0,0,0,21,1,1098,1
"120",13245,1,"92213",77,0,2015,"A",NA,1,11,1102258,0,0,1942,100970,NA,6.17,0.71,0.78,0,0,1.11,1.11,NA,0,0,1,10,69663,6.7,0,0,0,0,-60,-3,-3157,-3
"121",13245,1,"922130",78,0,2015,"A",NA,1,11,1102258,0,0,1942,100970,NA,6.17,0.71,0.78,0,0,1.11,1.11,NA,0,0,1,10,69663,6.7,0,0,0,0,-60,-3,-3157,-3
"122",13245,1,"923",75,0,2015,"A",NA,1,50,3005204,0,0,1154,60004,NA,0.76,0.37,0.31,0,0,0.84,0.84,NA,0,0,-4,-7.4,-154868,-4.9,0,0,0,0,37,3.3,1932,3.3
"123",13245,1,"9231",76,0,2015,"A",NA,1,50,3005204,0,0,1154,60004,NA,0.76,0.37,0.31,0,0,0.84,0.84,NA,0,0,-4,-7.4,-154868,-4.9,0,0,0,0,37,3.3,1932,3.3
"124",13245,1,"92313",77,0,2015,"A",NA,1,50,3005204,0,0,1154,60004,NA,1.3,0.91,0.83,0,0,0.92,0.92,NA,0,0,-4,-7.4,-154868,-4.9,0,0,0,0,37,3.3,1932,3.3
"125",13245,1,"923130",78,0,2015,"A",NA,1,50,3005204,0,0,1154,60004,NA,1.3,0.91,0.83,0,0,0.92,0.92,NA,0,0,-4,-7.4,-154868,-4.9,0,0,0,0,37,3.3,1932,3.3
"126",13245,1,"924",75,0,2015,"A",NA,1,1,99168,0,0,1430,74376,NA,0.36,0.01,0.02,0,0,1.15,1.15,NA,0,0,-1,-50,-11885,-10.7,0,0,0,0,6,0.4,341,0.5
"127",13245,1,"9241",76,0,2015,"A",NA,1,1,99168,0,0,1430,74376,NA,0.36,0.01,0.02,0,0,1.15,1.15,NA,0,0,-1,-50,-11885,-10.7,0,0,0,0,6,0.4,341,0.5
"128",13245,1,"92412",77,0,2015,"A",NA,1,1,99168,0,0,1430,74376,NA,0.37,0.02,0.03,0,0,1.25,1.25,NA,0,0,-1,-50,-11885,-10.7,0,0,0,0,6,0.4,341,0.5
"129",13245,1,"924120",78,0,2015,"A",NA,1,1,99168,0,0,1430,74376,NA,0.37,0.02,0.03,0,0,1.25,1.25,NA,0,0,-1,-50,-11885,-10.7,0,0,0,0,6,0.4,341,0.5
"130",13245,1,"926",75,0,2015,"A",NA,9,89,5480042,0,0,1179,61287,NA,2.16,0.5,0.43,0,0,0.85,0.85,NA,0,0,7,8.5,465887,9.3,0,0,0,0,5,0.4,263,0.4
"131",13245,1,"9261",76,0,2015,"A",NA,9,89,5480042,0,0,1179,61287,NA,2.16,0.5,0.43,0,0,0.85,0.85,NA,0,0,7,8.5,465887,9.3,0,0,0,0,5,0.4,263,0.4
"132",13245,1,"92611",77,0,2015,"A",NA,2,7,93235,0,0,256,13319,NA,1.69,0.22,0.04,0,0,0.19,0.19,NA,0,0,1,16.7,16466,21.4,0,0,0,0,-5,-1.9,-228,-1.7
"133",13245,1,"926110",78,0,2015,"A",NA,2,7,93235,0,0,256,13319,NA,1.69,0.22,0.04,0,0,0.19,0.19,NA,0,0,1,16.7,16466,21.4,0,0,0,0,-5,-1.9,-228,-1.7
"134",13245,1,"92612",77,0,2015,"A",NA,5,67,4240877,0,0,1225,63693,NA,6.85,0.84,0.79,0,0,0.94,0.94,NA,0,0,2,3.1,138208,3.4,0,0,0,0,3,0.2,168,0.3
"135",13245,1,"926120",78,0,2015,"A",NA,5,67,4240877,0,0,1225,63693,NA,6.85,0.84,0.79,0,0,0.94,0.94,NA,0,0,2,3.1,138208,3.4,0,0,0,0,3,0.2,168,0.3
"136",13245,1,"92614",77,0,2015,"A",NA,1,13,896336,0,0,1317,68510,NA,0.59,0.38,0.43,0,0,1.13,1.13,NA,0,0,2,18.2,88338,10.9,0,0,0,0,-44,-3.2,-2264,-3.2
"137",13245,1,"926140",78,0,2015,"A",NA,1,13,896336,0,0,1317,68510,NA,0.59,0.38,0.43,0,0,1.13,1.13,NA,0,0,2,18.2,88338,10.9,0,0,0,0,-44,-3.2,-2264,-3.2
"138",13245,1,"92615",77,0,2015,"A",NA,1,3,249594,0,0,1745,90761,NA,2.28,0.12,0.11,0,0,0.96,0.96,NA,0,0,2,200,222875,834.1,0,0,0,0,717,69.7,37323,69.8
"139",13245,1,"926150",78,0,2015,"A",NA,1,3,249594,0,0,1745,90761,NA,2.28,0.12,0.11,0,0,0.96,0.96,NA,0,0,2,200,222875,834.1,0,0,0,0,717,69.7,37323,69.8
"140",13245,1,"928",75,0,2015,"A",NA,2,1458,109108790,0,0,1439,74826,NA,1.66,3.49,3.9,0,0,1.12,1.12,NA,0,0,33,2.3,4828076,4.6,0,0,0,0,32,2.3,1664,2.3
"141",13245,1,"9281",76,0,2015,"A",NA,2,1458,109108790,0,0,1439,74826,NA,1.66,3.49,3.9,0,0,1.12,1.12,NA,0,0,33,2.3,4828076,4.6,0,0,0,0,32,2.3,1664,2.3
"142",13245,1,"92811",77,0,2015,"A",NA,2,1458,109108790,0,0,1439,74826,NA,1.9,3.69,4.17,0,0,1.13,1.13,NA,0,0,33,2.3,4828076,4.6,0,0,0,0,32,2.3,1664,2.3
"143",13245,1,"928110",78,0,2015,"A",NA,2,1458,109108790,0,0,1439,74826,NA,1.9,3.69,4.17,0,0,1.13,1.13,NA,0,0,33,2.3,4828076,4.6,0,0,0,0,32,2.3,1664,2.3
"144",13245,2,"10",71,0,2015,"A",NA,47,9506,506332612,596913,5997,1024,53263,NA,1.37,2.78,3.23,0.13,0.45,1.16,1.17,NA,0,0,-166,-1.7,4935437,1,-306330,-33.9,-9326,-60.9,27,2.7,1422,2.7
"145",13245,2,"102",72,0,2015,"A",NA,47,9506,506332612,596913,5997,1024,53263,NA,1.41,2.82,3.28,0.13,0.46,1.16,1.16,NA,0,0,-166,-1.7,4935437,1,-306330,-33.9,-9326,-60.9,27,2.7,1422,2.7
"146",13245,2,"1021",73,0,2015,"A","N",1,0,0,0,0,0,0,"N",2.11,0,0,0,0,0,0,"N",0,0,0,0,0,0,0,0,0,0,0,0,0,0
"147",13245,2,"1025",73,0,2015,"A",NA,21,8295,470730079,0,0,1091,56752,NA,2.93,4.31,5.34,0,0,1.24,1.24,NA,0,0,-155,-1.8,3631637,0.8,0,0,0,0,28,2.6,1471,2.7
"148",13245,2,"1027",73,0,2015,"A","N",2,0,0,0,0,0,0,"N",23.26,0,0,0,0,0,0,"N",0,0,0,0,0,0,0,0,0,0,0,0,0,0
"149",13245,2,"1028",73,0,2015,"A",NA,23,1137,33483631,405998,5003,567,29462,NA,0.94,0.85,0.54,0.16,0.69,0.64,0.64,NA,0,0,-14,-1.2,1076626,3.3,-307796,-43.1,-8198,-62.1,26,4.8,1317,4.7
"150",13245,2,"48-49",74,0,2015,"A","N",1,0,0,0,0,0,0,"N",4.24,0,0,0,0,0,0,"N",0,0,0,0,0,0,0,0,0,0,0,0,0,0
"151",13245,2,"488",75,0,2015,"A","N",1,0,0,0,0,0,0,"N",5.11,0,0,0,0,0,0,"N",0,0,0,0,0,0,0,0,0,0,0,0,0,0
"152",13245,2,"4881",76,0,2015,"A","N",1,0,0,0,0,0,0,"N",11.63,0,0,0,0,0,0,"N",0,0,0,0,0,0,0,0,0,0,0,0,0,0
"153",13245,2,"48811",77,0,2015,"A","N",1,0,0,0,0,0,0,"N",11.77,0,0,0,0,0,0,"N",0,0,0,0,0,0,0,0,0,0,0,0,0,0
"154",13245,2,"488111",78,0,2015,"A","N",1,0,0,0,0,0,0,"N",12.57,0,0,0,0,0,0,"N",0,0,0,0,0,0,0,0,0,0,0,0,0,0
"155",13245,2,"61",74,0,2015,"A","N",3,0,0,0,0,0,0,"N",0.79,0,0,0,0,0,0,"N",0,0,0,0,0,0,0,0,0,0,0,0,0,0
"156",13245,2,"611",75,0,2015,"A","N",3,0,0,0,0,0,0,"N",0.79,0,0,0,0,0,0,"N",0,0,0,0,0,0,0,0,0,0,0,0,0,0
"157",13245,2,"6113",76,0,2015,"A","N",2,0,0,0,0,0,0,"N",0.72,0,0,0,0,0,0,"N",0,0,0,0,0,0,0,0,0,0,0,0,0,0
"158",13245,2,"61131",77,0,2015,"A","N",2,0,0,0,0,0,0,"N",0.72,0,0,0,0,0,0,"N",0,0,0,0,0,0,0,0,0,0,0,0,0,0
"159",13245,2,"611310",78,0,2015,"A","N",2,0,0,0,0,0,0,"N",0.72,0,0,0,0,0,0,"N",0,0,0,0,0,0,0,0,0,0,0,0,0,0
"160",13245,2,"6115",76,0,2015,"A","N",1,0,0,0,0,0,0,"N",7.03,0,0,0,0,0,0,"N",0,0,0,0,0,0,0,0,0,0,0,0,0,0
"161",13245,2,"61151",77,0,2015,"A","N",1,0,0,0,0,0,0,"N",7.03,0,0,0,0,0,0,"N",0,0,0,0,0,0,0,0,0,0,0,0,0,0
"162",13245,2,"611519",78,0,2015,"A","N",1,0,0,0,0,0,0,"N",7.19,0,0,0,0,0,0,"N",0,0,0,0,0,0,0,0,0,0,0,0,0,0
"163",13245,2,"62",74,0,2015,"A","N",18,0,0,0,0,0,0,"N",5.36,0,0,0,0,0,0,"N",0,0,0,0,0,0,0,0,0,0,0,0,0,0
"164",13245,2,"621",75,0,2015,"A",NA,14,448,13173763,0,0,566,29417,NA,24.16,17.26,12.78,0,0,0.74,0.74,NA,0,0,-20,-4.3,-357568,-2.6,0,0,0,0,10,1.8,514,1.8
"165",13245,2,"6214",76,0,2015,"A",NA,14,448,13173763,0,0,566,29417,NA,32.56,28.4,23.5,0,0,0.83,0.83,NA,0,0,-20,-4.3,-357568,-2.6,0,0,0,0,10,1.8,514,1.8
"166",13245,2,"62142",77,0,2015,"A","N",12,0,0,0,0,0,0,"N",52.72,0,0,0,0,0,0,"N",0,0,0,0,0,0,0,0,0,0,0,0,0,0
"167",13245,2,"621420",78,0,2015,"A","N",12,0,0,0,0,0,0,"N",52.72,0,0,0,0,0,0,"N",0,0,0,0,0,0,0,0,0,0,0,0,0,0
"168",13245,2,"62149",77,0,2015,"A","N",2,0,0,0,0,0,0,"N",10.01,0,0,0,0,0,0,"N",0,0,0,0,0,0,0,0,0,0,0,0,0,0
"169",13245,2,"621498",78,0,2015,"A","N",2,0,0,0,0,0,0,"N",10.09,0,0,0,0,0,0,"N",0,0,0,0,0,0,0,0,0,0,0,0,0,0
"170",13245,2,"622",75,0,2015,"A","N",1,0,0,0,0,0,0,"N",1.49,0,0,0,0,0,0,"N",0,0,0,0,0,0,0,0,0,0,0,0,0,0
"171",13245,2,"6222",76,0,2015,"A","N",1,0,0,0,0,0,0,"N",1.92,0,0,0,0,0,0,"N",0,0,0,0,0,0,0,0,0,0,0,0,0,0
"172",13245,2,"62221",77,0,2015,"A","N",1,0,0,0,0,0,0,"N",1.92,0,0,0,0,0,0,"N",0,0,0,0,0,0,0,0,0,0,0,0,0,0
"173",13245,2,"622210",78,0,2015,"A","N",1,0,0,0,0,0,0,"N",1.92,0,0,0,0,0,0,"N",0,0,0,0,0,0,0,0,0,0,0,0,0,0
"174",13245,2,"623",75,0,2015,"A","N",1,0,0,0,0,0,0,"N",1.29,0,0,0,0,0,0,"N",0,0,0,0,0,0,0,0,0,0,0,0,0,0
"175",13245,2,"6239",76,0,2015,"A","N",1,0,0,0,0,0,0,"N",7.11,0,0,0,0,0,0,"N",0,0,0,0,0,0,0,0,0,0,0,0,0,0
"176",13245,2,"62399",77,0,2015,"A","N",1,0,0,0,0,0,0,"N",7.11,0,0,0,0,0,0,"N",0,0,0,0,0,0,0,0,0,0,0,0,0,0
"177",13245,2,"623990",78,0,2015,"A","N",1,0,0,0,0,0,0,"N",7.11,0,0,0,0,0,0,"N",0,0,0,0,0,0,0,0,0,0,0,0,0,0
"178",13245,2,"624",75,0,2015,"A","N",2,0,0,0,0,0,0,"N",1.5,0,0,0,0,0,0,"N",0,0,0,0,0,0,0,0,0,0,0,0,0,0
"179",13245,2,"6241",76,0,2015,"A","N",2,0,0,0,0,0,0,"N",2.06,0,0,0,0,0,0,"N",0,0,0,0,0,0,0,0,0,0,0,0,0,0
"180",13245,2,"62412",77,0,2015,"A","N",2,0,0,0,0,0,0,"N",22.11,0,0,0,0,0,0,"N",0,0,0,0,0,0,0,0,0,0,0,0,0,0
"181",13245,2,"624120",78,0,2015,"A","N",2,0,0,0,0,0,0,"N",22.11,0,0,0,0,0,0,"N",0,0,0,0,0,0,0,0,0,0,0,0,0,0
"182",13245,2,"81",74,0,2015,"A","N",2,0,0,0,0,0,0,"N",23.26,0,0,0,0,0,0,"N",0,0,0,0,0,0,0,0,0,0,0,0,0,0
"183",13245,2,"813",75,0,2015,"A","N",2,0,0,0,0,0,0,"N",29.81,0,0,0,0,0,0,"N",0,0,0,0,0,0,0,0,0,0,0,0,0,0
"184",13245,2,"8133",76,0,2015,"A","N",2,0,0,0,0,0,0,"N",42.36,0,0,0,0,0,0,"N",0,0,0,0,0,0,0,0,0,0,0,0,0,0
"185",13245,2,"81331",77,0,2015,"A","N",2,0,0,0,0,0,0,"N",42.36,0,0,0,0,0,0,"N",0,0,0,0,0,0,0,0,0,0,0,0,0,0
"186",13245,2,"813312",78,0,2015,"A","N",1,0,0,0,0,0,0,"N",670.67,0,0,0,0,0,0,"N",0,0,0,0,0,0,0,0,0,0,0,0,0,0
"187",13245,2,"813319",78,0,2015,"A","N",1,0,0,0,0,0,0,"N",22.36,0,0,0,0,0,0,"N",0,0,0,0,0,0,0,0,0,0,0,0,0,0
"188",13245,2,"92",74,0,2015,"A",NA,23,1137,33483631,405998,5003,567,29462,NA,0.94,0.85,0.54,0.16,0.69,0.64,0.64,NA,0,0,-14,-1.2,1076626,3.3,-307796,-43.1,-8198,-62.1,26,4.8,1317,4.7
"189",13245,2,"921",75,0,2015,"A",NA,3,54,2063153,215015,0,738,38384,NA,1.02,0.33,0.25,0.71,0,0.78,0.78,NA,0,0,1,1.9,6145,0.3,5070,2.4,0,0,-14,-1.9,-735,-1.9
"190",13245,2,"9211",76,0,2015,"A",NA,3,54,2063153,215015,0,738,38384,NA,1.02,0.33,0.25,0.71,0,0.78,0.78,NA,0,0,1,1.9,6145,0.3,5070,2.4,0,0,-14,-1.9,-735,-1.9
"191",13245,2,"92113",77,0,2015,"A","N",1,0,0,0,0,0,0,"N",0.82,0,0,0,0,0,0,"N",0,0,0,0,0,0,0,0,0,0,0,0,0,0
"192",13245,2,"921130",78,0,2015,"A","N",1,0,0,0,0,0,0,"N",0.82,0,0,0,0,0,0,"N",0,0,0,0,0,0,0,0,0,0,0,0,0,0
"193",13245,2,"92119",77,0,2015,"A","N",2,0,0,0,0,0,0,"N",1.68,0,0,0,0,0,0,"N",0,0,0,0,0,0,0,0,0,0,0,0,0,0
"194",13245,2,"921190",78,0,2015,"A","N",2,0,0,0,0,0,0,"N",1.68,0,0,0,0,0,0,"N",0,0,0,0,0,0,0,0,0,0,0,0,0,0
"195",13245,2,"922",75,0,2015,"A",NA,7,620,21361053,190983,5003,662,34430,NA,1.01,1.17,0.87,0.16,1.76,0.74,0.74,NA,0,0,-7,-1.1,583372,2.8,-312866,-62.1,-8198,-62.1,25,3.9,1309,4
"196",13245,2,"9221",76,0,2015,"A",NA,7,620,21361053,190983,5003,662,34430,NA,1.01,1.17,0.87,0.16,1.76,0.74,0.74,NA,0,0,-7,-1.1,583372,2.8,-312866,-62.1,-8198,-62.1,25,3.9,1309,4
"197",13245,2,"92211",77,0,2015,"A","N",1,0,0,0,0,0,0,"N",0.53,0,0,0,0,0,0,"N",0,0,0,0,0,0,0,0,0,0,0,0,0,0
"198",13245,2,"922110",78,0,2015,"A","N",1,0,0,0,0,0,0,"N",0.53,0,0,0,0,0,0,"N",0,0,0,0,0,0,0,0,0,0,0,0,0,0
"199",13245,2,"92212",77,0,2015,"A","N",2,0,0,0,0,0,0,"N",1.56,0,0,0,0,0,0,"N",0,0,0,0,0,0,0,0,0,0,0,0,0,0
"200",13245,2,"922120",78,0,2015,"A","N",2,0,0,0,0,0,0,"N",1.56,0,0,0,0,0,0,"N",0,0,0,0,0,0,0,0,0,0,0,0,0,0
"201",13245,2,"92213",77,0,2015,"A","N",2,0,0,0,0,0,0,"N",1.95,0,0,0,0,0,0,"N",0,0,0,0,0,0,0,0,0,0,0,0,0,0
"202",13245,2,"922130",78,0,2015,"A","N",2,0,0,0,0,0,0,"N",1.95,0,0,0,0,0,0,"N",0,0,0,0,0,0,0,0,0,0,0,0,0,0
"203",13245,2,"92214",77,0,2015,"A","N",2,0,0,0,0,0,0,"N",1.07,0,0,0,0,0,0,"N",0,0,0,0,0,0,0,0,0,0,0,0,0,0
"204",13245,2,"922140",78,0,2015,"A","N",2,0,0,0,0,0,0,"N",1.07,0,0,0,0,0,0,"N",0,0,0,0,0,0,0,0,0,0,0,0,0,0
"205",13245,2,"923",75,0,2015,"A",NA,5,282,3774092,0,0,257,13364,NA,0.98,0.95,0.29,0,0,0.31,0.31,NA,0,0,-16,-5.4,170859,4.7,0,0,0,0,25,10.8,1286,10.6
"206",13245,2,"9231",76,0,2015,"A",NA,5,282,3774092,0,0,257,13364,NA,0.98,0.95,0.29,0,0,0.31,0.31,NA,0,0,-16,-5.4,170859,4.7,0,0,0,0,25,10.8,1286,10.6
"207",13245,2,"92311",77,0,2015,"A","N",1,0,0,0,0,0,0,"N",1.81,0,0,0,0,0,0,"N",0,0,0,0,0,0,0,0,0,0,0,0,0,0
"208",13245,2,"923110",78,0,2015,"A","N",1,0,0,0,0,0,0,"N",1.81,0,0,0,0,0,0,"N",0,0,0,0,0,0,0,0,0,0,0,0,0,0
"209",13245,2,"92312",77,0,2015,"A",NA,3,277,3614426,0,0,251,13037,NA,1.86,2.85,0.85,0,0,0.3,0.3,"N",0,0,0,0,0,0,0,0,0,0,0,0,0,0
"210",13245,2,"923120",78,0,2015,"A",NA,3,277,3614426,0,0,251,13037,NA,1.86,2.85,0.85,0,0,0.3,0.3,"N",0,0,0,0,0,0,0,0,0,0,0,0,0,0
"211",13245,2,"92314",77,0,2015,"A","N",1,0,0,0,0,0,0,"N",4.01,0,0,0,0,0,0,"N",0,0,0,0,0,0,0,0,0,0,0,0,0,0
"212",13245,2,"923140",78,0,2015,"A","N",1,0,0,0,0,0,0,"N",4.01,0,0,0,0,0,0,"N",0,0,0,0,0,0,0,0,0,0,0,0,0,0
"213",13245,2,"924",75,0,2015,"A","N",2,0,0,0,0,0,0,"N",0.58,0,0,0,0,0,0,"N",0,0,0,0,0,0,0,0,0,0,0,0,0,0
"214",13245,2,"9241",76,0,2015,"A","N",2,0,0,0,0,0,0,"N",0.58,0,0,0,0,0,0,"N",0,0,0,0,0,0,0,0,0,0,0,0,0,0
"215",13245,2,"92412",77,0,2015,"A","N",2,0,0,0,0,0,0,"N",0.72,0,0,0,0,0,0,"N",0,0,0,0,0,0,0,0,0,0,0,0,0,0
"216",13245,2,"924120",78,0,2015,"A","N",2,0,0,0,0,0,0,"N",0.72,0,0,0,0,0,0,"N",0,0,0,0,0,0,0,0,0,0,0,0,0,0
"217",13245,2,"925",75,0,2015,"A","N",2,0,0,0,0,0,0,"N",10.37,0,0,0,0,0,0,"N",0,0,0,0,0,0,0,0,0,0,0,0,0,0
"218",13245,2,"9251",76,0,2015,"A","N",2,0,0,0,0,0,0,"N",10.37,0,0,0,0,0,0,"N",0,0,0,0,0,0,0,0,0,0,0,0,0,0
"219",13245,2,"92512",77,0,2015,"A","N",2,0,0,0,0,0,0,"N",22.86,0,0,0,0,0,0,"N",0,0,0,0,0,0,0,0,0,0,0,0,0,0
"220",13245,2,"925120",78,0,2015,"A","N",2,0,0,0,0,0,0,"N",22.86,0,0,0,0,0,0,"N",0,0,0,0,0,0,0,0,0,0,0,0,0,0
"221",13245,2,"926",75,0,2015,"A",NA,3,13,357082,0,0,528,27468,NA,0.55,0.06,0.03,0,0,0.59,0.59,NA,0,0,0,0,6156,1.8,0,0,0,0,12,2.3,646,2.4
"222",13245,2,"9261",76,0,2015,"A",NA,3,13,357082,0,0,528,27468,NA,0.55,0.06,0.03,0,0,0.59,0.59,NA,0,0,0,0,6156,1.8,0,0,0,0,12,2.3,646,2.4
"223",13245,2,"92611",77,0,2015,"A","N",1,0,0,0,0,0,0,"N",2.36,0,0,0,0,0,0,"N",0,0,0,0,0,0,0,0,0,0,0,0,0,0
"224",13245,2,"926110",78,0,2015,"A","N",1,0,0,0,0,0,0,"N",2.36,0,0,0,0,0,0,"N",0,0,0,0,0,0,0,0,0,0,0,0,0,0
"225",13245,2,"92614",77,0,2015,"A","N",1,0,0,0,0,0,0,"N",0.62,0,0,0,0,0,0,"N",0,0,0,0,0,0,0,0,0,0,0,0,0,0
"226",13245,2,"926140",78,0,2015,"A","N",1,0,0,0,0,0,0,"N",0.62,0,0,0,0,0,0,"N",0,0,0,0,0,0,0,0,0,0,0,0,0,0
"227",13245,2,"92615",77,0,2015,"A","N",1,0,0,0,0,0,0,"N",0.72,0,0,0,0,0,0,"N",0,0,0,0,0,0,0,0,0,0,0,0,0,0
"228",13245,2,"926150",78,0,2015,"A","N",1,0,0,0,0,0,0,"N",0.72,0,0,0,0,0,0,"N",0,0,0,0,0,0,0,0,0,0,0,0,0,0
"229",13245,2,"928",75,0,2015,"A","N",1,0,0,0,0,0,0,"N",2.94,0,0,0,0,0,0,"N",0,0,0,0,0,0,0,0,0,0,0,0,0,0
"230",13245,2,"9281",76,0,2015,"A","N",1,0,0,0,0,0,0,"N",2.94,0,0,0,0,0,0,"N",0,0,0,0,0,0,0,0,0,0,0,0,0,0
"231",13245,2,"92811",77,0,2015,"A","N",1,0,0,0,0,0,0,"N",2.96,0,0,0,0,0,0,"N",0,0,0,0,0,0,0,0,0,0,0,0,0,0
"232",13245,2,"928110",78,0,2015,"A","N",1,0,0,0,0,0,0,"N",2.96,0,0,0,0,0,0,"N",0,0,0,0,0,0,0,0,0,0,0,0,0,0
"233",13245,3,"10",71,0,2015,"A",NA,67,7481,291786652,78691,693,750,39004,NA,0.8,0.72,0.72,0.01,0.01,1,1,NA,-1,-1.5,-61,-0.8,7223244,2.5,2568,3.4,662,2135.5,24,3.3,1274,3.4
"234",13245,3,"102",72,0,2015,"A",NA,67,7481,291786652,78691,693,750,39004,NA,0.82,0.73,0.73,0.01,0.01,1,1,NA,-1,-1.5,-61,-0.8,7223244,2.5,2568,3.4,662,2135.5,24,3.3,1274,3.4
"235",13245,3,"1022",73,0,2015,"A","N",1,0,0,0,0,0,0,"N",0.39,0,0,0,0,0,0,"N",0,0,0,0,0,0,0,0,0,0,0,0,0,0
"236",13245,3,"1025",73,0,2015,"A",NA,61,4608,178319222,0,0,744,38696,NA,1.69,0.72,0.75,0,0,1.04,1.04,NA,-1,-1.6,-86,-1.8,4953525,2.9,0,0,0,0,34,4.8,1766,4.8
"237",13245,3,"1028",73,0,2015,"A","N",5,0,0,0,0,0,0,"N",0.16,0,0,0,0,0,0,"N",0,0,0,0,0,0,0,0,0,0,0,0,0,0
"238",13245,3,"51",74,0,2015,"A","N",1,0,0,0,0,0,0,"N",0.39,0,0,0,0,0,0,"N",0,0,0,0,0,0,0,0,0,0,0,0,0,0
"239",13245,3,"519",75,0,2015,"A","N",1,0,0,0,0,0,0,"N",0.41,0,0,0,0,0,0,"N",0,0,0,0,0,0,0,0,0,0,0,0,0,0
"240",13245,3,"5191",76,0,2015,"A","N",1,0,0,0,0,0,0,"N",0.41,0,0,0,0,0,0,"N",0,0,0,0,0,0,0,0,0,0,0,0,0,0
"241",13245,3,"51912",77,0,2015,"A","N",1,0,0,0,0,0,0,"N",0.41,0,0,0,0,0,0,"N",0,0,0,0,0,0,0,0,0,0,0,0,0,0
"242",13245,3,"519120",78,0,2015,"A","N",1,0,0,0,0,0,0,"N",0.41,0,0,0,0,0,0,"N",0,0,0,0,0,0,0,0,0,0,0,0,0,0
"243",13245,3,"61",74,0,2015,"A",NA,61,4608,178319222,0,0,744,38696,NA,1.87,0.8,0.86,0,0,1.06,1.06,NA,-1,-1.6,-86,-1.8,4953525,2.9,0,0,0,0,34,4.8,1766,4.8
"244",13245,3,"611",75,0,2015,"A",NA,61,4608,178319222,0,0,744,38696,NA,1.87,0.8,0.86,0,0,1.06,1.06,NA,-1,-1.6,-86,-1.8,4953525,2.9,0,0,0,0,34,4.8,1766,4.8
"245",13245,3,"6111",76,0,2015,"A",NA,61,4608,178319222,0,0,744,38696,NA,1.93,0.87,0.92,0,0,1.06,1.06,NA,-1,-1.6,-86,-1.8,4953525,2.9,0,0,0,0,34,4.8,1766,4.8
"246",13245,3,"61111",77,0,2015,"A",NA,61,4608,178319222,0,0,744,38696,NA,1.93,0.87,0.92,0,0,1.06,1.06,NA,-1,-1.6,-86,-1.8,4953525,2.9,0,0,0,0,34,4.8,1766,4.8
"247",13245,3,"611110",78,0,2015,"A",NA,61,4608,178319222,0,0,744,38696,NA,1.93,0.87,0.92,0,0,1.06,1.06,NA,-1,-1.6,-86,-1.8,4953525,2.9,0,0,0,0,34,4.8,1766,4.8
"248",13245,3,"92",74,0,2015,"A","N",5,0,0,0,0,0,0,"N",0.16,0,0,0,0,0,0,"N",0,0,0,0,0,0,0,0,0,0,0,0,0,0
"249",13245,3,"921",75,0,2015,"A","N",3,0,0,0,0,0,0,"N",0.17,0,0,0,0,0,0,"N",0,0,0,0,0,0,0,0,0,0,0,0,0,0
"250",13245,3,"9211",76,0,2015,"A","N",3,0,0,0,0,0,0,"N",0.17,0,0,0,0,0,0,"N",0,0,0,0,0,0,0,0,0,0,0,0,0,0
"251",13245,3,"92114",77,0,2015,"A","N",3,0,0,0,0,0,0,"N",0.28,0,0,0,0,0,0,"N",0,0,0,0,0,0,0,0,0,0,0,0,0,0
"252",13245,3,"921140",78,0,2015,"A","N",3,0,0,0,0,0,0,"N",0.28,0,0,0,0,0,0,"N",0,0,0,0,0,0,0,0,0,0,0,0,0,0
"253",13245,3,"925",75,0,2015,"A","N",2,0,0,0,0,0,0,"N",1.16,0,0,0,0,0,0,"N",0,0,0,0,0,0,0,0,0,0,0,0,0,0
"254",13245,3,"9251",76,0,2015,"A","N",2,0,0,0,0,0,0,"N",1.16,0,0,0,0,0,0,"N",0,0,0,0,0,0,0,0,0,0,0,0,0,0
"255",13245,3,"92511",77,0,2015,"A","N",1,0,0,0,0,0,0,"N",0.92,0,0,0,0,0,0,"N",0,0,0,0,0,0,0,0,0,0,0,0,0,0
"256",13245,3,"925110",78,0,2015,"A","N",1,0,0,0,0,0,0,"N",0.92,0,0,0,0,0,0,"N",0,0,0,0,0,0,0,0,0,0,0,0,0,0
"257",13245,3,"92512",77,0,2015,"A","N",1,0,0,0,0,0,0,"N",1.58,0,0,0,0,0,0,"N",0,0,0,0,0,0,0,0,0,0,0,0,0,0
"258",13245,3,"925120",78,0,2015,"A","N",1,0,0,0,0,0,0,"N",1.58,0,0,0,0,0,0,"N",0,0,0,0,0,0,0,0,0,0,0,0,0,0
"259",13245,5,"10",71,0,2015,"A",NA,4563,80148,3261285439,802926129,17455144,783,40691,NA,1,0.9,0.85,1.02,1.01,0.94,0.94,NA,37,0.8,2227,2.9,194513170,6.3,27835160,3.6,-956632,-5.2,26,3.4,1333,3.4
"260",13245,5,"101",72,0,2015,"A",NA,505,11507,686985485,131905915,4196554,1148,59703,NA,0.82,0.74,0.88,0.79,0.89,1.19,1.19,NA,14,2.9,50,0.4,36124469,5.6,-108270,-0.1,-403678,-8.8,56,5.1,2896,5.1
"261",13245,5,"1011",73,0,2015,"A",NA,15,274,21391802,3082192,49269,1503,78144,NA,0.22,0.18,0.3,0.18,0.13,1.63,1.63,NA,2,15.4,-17,-5.8,-654890,-3,-226505,-6.8,-16496,-25.1,44,3,2295,3
"262",13245,5,"1012",73,0,2015,"A",NA,352,3995,209178684,49492314,1811549,1007,52359,NA,0.93,0.83,0.93,0.87,0.86,1.12,1.12,NA,11,3.2,71,1.8,13299705,6.8,197667,0.4,-283437,-13.5,47,4.9,2445,4.9
"263",13245,5,"1013",73,0,2015,"A",NA,139,7238,456414999,79331409,2335736,1213,63060,NA,0.82,0.79,0.94,0.84,1.06,1.2,1.2,NA,2,1.5,-4,-0.1,23479654,5.4,-79432,-0.1,-103745,-4.3,63,5.5,3282,5.5
"264",13245,5,"102",72,0,2015,"A",NA,4058,68642,2574299954,671020214,13258590,721,37503,NA,1.02,0.94,0.84,1.08,1.05,0.9,0.9,NA,23,0.6,2179,3.3,158388701,6.6,27943430,4.3,-552954,-4,22,3.1,1153,3.2
"265",13245,5,"1021",73,0,2015,"A",NA,1102,16663,565286447,168458931,2605196,652,33924,NA,1.16,0.83,0.78,0.93,0.77,0.94,0.94,NA,14,1.3,761,4.8,46523050,9,13203002,8.5,-22960,-0.9,25,4,1301,4
"266",13245,5,"1022",73,0,2015,"A",NA,54,1950,101283886,21286397,454371,999,51954,NA,0.71,0.94,0.63,0.97,0.86,0.67,0.67,NA,-13,-19.4,-227,-10.4,-7464947,-6.9,-915244,-4.1,-78823,-14.8,39,4.1,2010,4
"267",13245,5,"1023",73,0,2015,"A",NA,444,2738,149626657,28939421,534236,1051,54640,NA,1.06,0.47,0.35,0.49,0.44,0.76,0.76,NA,-2,-0.4,-38,-1.4,6998008,4.9,534368,1.9,9044,1.7,63,6.4,3253,6.3
"268",13245,5,"1024",73,0,2015,"A",NA,779,13718,516241564,151996327,4001559,724,37633,NA,0.91,0.93,0.62,0.98,1.05,0.66,0.66,NA,23,3,325,2.4,32980126,6.8,2112680,1.4,-449052,-10.1,30,4.3,1549,4.3
"269",13245,5,"1025",73,0,2015,"A",NA,686,18505,949278045,160292137,2854796,986,51297,NA,0.9,1.17,1.55,1.82,1.76,1.32,1.32,NA,5,0.7,865,4.9,62669808,7.1,6597646,4.3,-53266,-1.8,19,2,1036,2.1
"270",13245,5,"1026",73,0,2015,"A",NA,502,12220,207290489,113623618,2345556,326,16963,NA,1.25,1.08,1.03,1.32,1.5,0.95,0.95,NA,16,3.3,585,5,17259223,9.1,7007457,6.6,146815,6.7,12,3.8,631,3.9
"271",13245,5,"1027",73,0,2015,"A",NA,366,2735,80501163,24564197,416554,566,29435,NA,0.89,0.85,0.87,0.97,0.85,1.02,1.02,NA,-6,-1.6,-38,-1.4,2194218,2.8,236287,1,-84116,-16.8,23,4.2,1196,4.2
"272",13245,5,"1029",73,0,2015,"A",NA,126,112,4791703,1859186,46322,822,42719,NA,1.3,0.62,0.64,0.89,0.84,1.03,1.03,NA,-14,-10,-56,-33.3,-2770785,-36.6,-832766,-30.9,-20596,-30.8,-46,-5.3,-2430,-5.4
"273",13245,5,"11",74,0,2015,"A","N",11,0,0,0,0,0,0,"N",0.22,0,0,0,0,0,0,"N",1,10,0,0,0,0,0,0,0,0,0,0,0,0
"274",13245,5,"111",75,0,2015,"A","N",1,0,0,0,0,0,0,"N",0.04,0,0,0,0,0,0,"N",0,0,0,0,0,0,0,0,0,0,0,0,0,0
"275",13245,5,"1114",76,0,2015,"A","N",1,0,0,0,0,0,0,"N",0.23,0,0,0,0,0,0,"N",0,0,0,0,0,0,0,0,0,0,0,0,0,0
"276",13245,5,"11142",77,0,2015,"A","N",1,0,0,0,0,0,0,"N",0.27,0,0,0,0,0,0,"N",0,0,0,0,0,0,0,0,0,0,0,0,0,0
"277",13245,5,"111422",78,0,2015,"A","N",1,0,0,0,0,0,0,"N",0.87,0,0,0,0,0,0,"N",0,0,0,0,0,0,0,0,0,0,0,0,0,0
"278",13245,5,"113",75,0,2015,"A","N",4,0,0,0,0,0,0,"N",0.87,0,0,0,0,0,0,"N",0,0,0,0,0,0,0,0,0,0,0,0,0,0
"279",13245,5,"1131",76,0,2015,"A","N",2,0,0,0,0,0,0,"N",6.25,0,0,0,0,0,0,"N",0,0,0,0,0,0,0,0,0,0,0,0,0,0
"280",13245,5,"11311",77,0,2015,"A","N",2,0,0,0,0,0,0,"N",6.25,0,0,0,0,0,0,"N",0,0,0,0,0,0,0,0,0,0,0,0,0,0
"281",13245,5,"113110",78,0,2015,"A","N",2,0,0,0,0,0,0,"N",6.25,0,0,0,0,0,0,"N",0,0,0,0,0,0,0,0,0,0,0,0,0,0
"282",13245,5,"1133",76,0,2015,"A","N",2,0,0,0,0,0,0,"N",0.48,0,0,0,0,0,0,"N",0,0,0,0,0,0,0,0,0,0,0,0,0,0
"283",13245,5,"11331",77,0,2015,"A","N",2,0,0,0,0,0,0,"N",0.48,0,0,0,0,0,0,"N",0,0,0,0,0,0,0,0,0,0,0,0,0,0
"284",13245,5,"113310",78,0,2015,"A","N",2,0,0,0,0,0,0,"N",0.48,0,0,0,0,0,0,"N",0,0,0,0,0,0,0,0,0,0,0,0,0,0
"285",13245,5,"115",75,0,2015,"A",NA,6,8,320342,106878,3286,812,42243,NA,0.64,0.03,0.05,0.04,0.03,1.74,1.74,NA,1,20,1,14.3,-151870,-32.2,-14428,-11.9,-3211,-49.4,-441,-35.2,-22890,-35.1
"286",13245,5,"1151",76,0,2015,"A","N",3,0,0,0,0,0,0,"N",0.55,0,0,0,0,0,0,"N",1,50,0,0,0,0,0,0,0,0,0,0,0,0
"287",13245,5,"11511",77,0,2015,"A","N",3,0,0,0,0,0,0,"N",0.55,0,0,0,0,0,0,"N",1,50,0,0,0,0,0,0,0,0,0,0,0,0
"288",13245,5,"115111",78,0,2015,"A","N",1,0,0,0,0,0,0,"N",3.16,0,0,0,0,0,0,"N",0,0,0,0,0,0,0,0,0,0,0,0,0,0
"289",13245,5,"115112",78,0,2015,"A","N",2,0,0,0,0,0,0,"N",1.11,0,0,0,0,0,0,"N",1,100,0,0,0,0,0,0,0,0,0,0,0,0
"290",13245,5,"1153",76,0,2015,"A","N",3,0,0,0,0,0,0,"N",2.62,0,0,0,0,0,0,"N",0,0,0,0,0,0,0,0,0,0,0,0,0,0
"291",13245,5,"11531",77,0,2015,"A","N",3,0,0,0,0,0,0,"N",2.62,0,0,0,0,0,0,"N",0,0,0,0,0,0,0,0,0,0,0,0,0,0
"292",13245,5,"115310",78,0,2015,"A","N",3,0,0,0,0,0,0,"N",2.62,0,0,0,0,0,0,"N",0,0,0,0,0,0,0,0,0,0,0,0,0,0
"293",13245,5,"21",74,0,2015,"A","N",4,0,0,0,0,0,0,"N",0.22,0,0,0,0,0,0,"N",1,33.3,0,0,0,0,0,0,0,0,0,0,0,0
"294",13245,5,"212",75,0,2015,"A","N",3,0,0,0,0,0,0,"N",0.83,0,0,0,0,0,0,"N",0,0,0,0,0,0,0,0,0,0,0,0,0,0
"295",13245,5,"2123",76,0,2015,"A","N",3,0,0,0,0,0,0,"N",1.05,0,0,0,0,0,0,"N",0,0,0,0,0,0,0,0,0,0,0,0,0,0
"296",13245,5,"21231",77,0,2015,"A","N",2,0,0,0,0,0,0,"N",1.6,0,0,0,0,0,0,"N",0,0,0,0,0,0,0,0,0,0,0,0,0,0
"297",13245,5,"212311",78,0,2015,"A","N",1,0,0,0,0,0,0,"N",3.47,0,0,0,0,0,0,"N",0,0,0,0,0,0,0,0,0,0,0,0,0,0
"298",13245,5,"212313",78,0,2015,"A","N",1,0,0,0,0,0,0,"N",6.8,0,0,0,0,0,0,"N",0,0,0,0,0,0,0,0,0,0,0,0,0,0
"299",13245,5,"21232",77,0,2015,"A","N",1,0,0,0,0,0,0,"N",0.71,0,0,0,0,0,0,"N",0,0,0,0,0,0,0,0,0,0,0,0,0,0
"300",13245,5,"212324",78,0,2015,"A","N",1,0,0,0,0,0,0,"N",29.16,0,0,0,0,0,0,"N",0,0,0,0,0,0,0,0,0,0,0,0,0,0
"301",13245,5,"213",75,0,2015,"A","N",1,0,0,0,0,0,0,"N",0.11,0,0,0,0,0,0,"N",1,100,0,0,0,0,0,0,0,0,0,0,0,0
"302",13245,5,"2131",76,0,2015,"A","N",1,0,0,0,0,0,0,"N",0.11,0,0,0,0,0,0,"N",1,100,0,0,0,0,0,0,0,0,0,0,0,0
"303",13245,5,"21311",77,0,2015,"A","N",1,0,0,0,0,0,0,"N",0.11,0,0,0,0,0,0,"N",1,100,0,0,0,0,0,0,0,0,0,0,0,0
"304",13245,5,"213111",78,0,2015,"A","N",1,0,0,0,0,0,0,"N",0.79,0,0,0,0,0,0,"N",1,100,0,0,0,0,0,0,0,0,0,0,0,0
"305",13245,5,"22",74,0,2015,"A",NA,8,220,20348321,5420971,22876,1775,92318,NA,0.92,0.53,0.59,1.29,0.4,1.11,1.11,NA,0,0,0,0,2002756,10.9,2909465,115.8,5414,31,174,10.9,9055,10.9
"306",13245,5,"221",75,0,2015,"A",NA,8,220,20348321,5420971,22876,1775,92318,NA,0.92,0.53,0.59,1.29,0.4,1.11,1.11,NA,0,0,0,0,2002756,10.9,2909465,115.8,5414,31,174,10.9,9055,10.9
"307",13245,5,"2211",76,0,2015,"A","N",5,0,0,0,0,0,0,"N",1.14,0,0,0,0,0,0,"N",0,0,0,0,0,0,0,0,0,0,0,0,0,0
"308",13245,5,"22112",77,0,2015,"A","N",5,0,0,0,0,0,0,"N",1.78,0,0,0,0,0,0,"N",0,0,0,0,0,0,0,0,0,0,0,0,0,0
"309",13245,5,"221122",78,0,2015,"A","N",5,0,0,0,0,0,0,"N",1.99,0,0,0,0,0,0,"N",0,0,0,0,0,0,0,0,0,0,0,0,0,0
"310",13245,5,"2212",76,0,2015,"A","N",1,0,0,0,0,0,0,"N",0.69,0,0,0,0,0,0,"N",0,0,0,0,0,0,0,0,0,0,0,0,0,0
"311",13245,5,"22121",77,0,2015,"A","N",1,0,0,0,0,0,0,"N",0.69,0,0,0,0,0,0,"N",0,0,0,0,0,0,0,0,0,0,0,0,0,0
"312",13245,5,"221210",78,0,2015,"A","N",1,0,0,0,0,0,0,"N",0.69,0,0,0,0,0,0,"N",0,0,0,0,0,0,0,0,0,0,0,0,0,0
"313",13245,5,"2213",76,0,2015,"A","N",2,0,0,0,0,0,0,"N",0.7,0,0,0,0,0,0,"N",0,0,0,0,0,0,0,0,0,0,0,0,0,0
"314",13245,5,"22131",77,0,2015,"A","N",2,0,0,0,0,0,0,"N",0.81,0,0,0,0,0,0,"N",0,0,0,0,0,0,0,0,0,0,0,0,0,0
"315",13245,5,"221310",78,0,2015,"A","N",2,0,0,0,0,0,0,"N",0.81,0,0,0,0,0,0,"N",0,0,0,0,0,0,0,0,0,0,0,0,0,0
"316",13245,5,"23",74,0,2015,"A",NA,352,3995,209178684,49492314,1811549,1007,52359,NA,0.93,0.83,0.93,0.87,0.86,1.12,1.12,NA,11,3.2,71,1.8,13299705,6.8,197667,0.4,-283437,-13.5,47,4.9,2445,4.9
"317",13245,5,"236",75,0,2015,"A",NA,122,1868,121108654,23441021,924841,1247,64839,NA,1.08,1.75,2.24,1.86,2.08,1.28,1.28,NA,8,7,75,4.2,11117253,10.1,705871,3.1,-85452,-8.5,68,5.8,3506,5.7
"318",13245,5,"2361",76,0,2015,"A",NA,60,155,6237015,1865570,35483,775,40326,NA,0.69,0.3,0.29,0.32,0.21,0.97,0.97,NA,5,9.1,13,9.2,257328,4.3,229934,14.1,-2444,-6.4,-35,-4.3,-1809,-4.3
"319",13245,5,"23611",77,0,2015,"A",NA,60,155,6237015,1865570,35483,775,40326,NA,0.69,0.3,0.29,0.32,0.21,0.97,0.97,NA,5,9.1,13,9.2,257328,4.3,229934,14.1,-2444,-6.4,-35,-4.3,-1809,-4.3
"320",13245,5,"236115",78,0,2015,"A",NA,23,51,2515270,583076,13385,955,49643,NA,0.57,0.2,0.23,0.21,0.17,1.13,1.13,"N",3,15,0,0,0,0,0,0,0,0,0,0,0,0
"321",13245,5,"236117",78,0,2015,"A",NA,4,6,133722,51916,266,454,23598,NA,2.2,0.25,0.09,0.2,0.04,0.38,0.38,"N",1,33.3,0,0,0,0,0,0,0,0,0,0,0,0
"322",13245,5,"236118",78,0,2015,"A",NA,33,98,3588023,1230578,21832,702,36488,NA,0.77,0.44,0.46,0.51,0.3,1.04,1.04,NA,1,3.1,11,12.6,201953,6,190212,18.3,-1059,-4.6,-48,-6.4,-2507,-6.4
"323",13245,5,"2362",76,0,2015,"A",NA,62,1713,114871639,21575451,889358,1289,67052,NA,2.34,3.12,3.54,3.16,3.21,1.14,1.14,NA,3,5.1,62,3.8,10859925,10.4,475937,2.3,-83008,-8.5,78,6.4,4069,6.5
"324",13245,5,"23621",77,0,2015,"A",NA,13,667,48530925,7501280,256821,1399,72760,NA,4.28,5.45,6.13,4.63,3.5,1.13,1.13,NA,-3,-18.8,-7,-1,2465954,5.4,-629294,-7.7,-23536,-8.4,85,6.5,4457,6.5
"325",13245,5,"236210",78,0,2015,"A",NA,13,667,48530925,7501280,256821,1399,72760,NA,4.28,5.45,6.13,4.63,3.5,1.13,1.13,NA,-3,-18.8,-7,-1,2465954,5.4,-629294,-7.7,-23536,-8.4,85,6.5,4457,6.5
"326",13245,5,"23622",77,0,2015,"A",NA,49,1046,66340714,14074171,632537,1219,63413,NA,2.09,2.45,2.71,2.71,3.11,1.1,1.1,NA,6,14,69,7.1,8393971,14.5,1105231,8.5,-59472,-8.6,78,6.8,4102,6.9
"327",13245,5,"236220",78,0,2015,"A",NA,49,1046,66340714,14074171,632537,1219,63413,NA,2.09,2.45,2.71,2.71,3.11,1.1,1.1,NA,6,14,69,7.1,8393971,14.5,1105231,8.5,-59472,-8.6,78,6.8,4102,6.9
"328",13245,5,"237",75,0,2015,"A",NA,20,252,13258023,2946218,162011,1010,52524,NA,0.8,0.36,0.34,0.33,0.43,0.94,0.94,NA,-1,-4.8,-30,-10.6,-353086,-2.6,-476970,-13.9,-8333,-4.9,80,8.6,4186,8.7
"329",13245,5,"2371",76,0,2015,"A",NA,14,128,7081174,1853282,86046,1061,55178,NA,1.13,0.36,0.35,0.39,0.47,0.98,0.98,NA,1,7.7,-22,-14.7,-297160,-4,-305951,-14.2,3262,3.9,115,12.2,5989,12.2
"330",13245,5,"23711",77,0,2015,"A","N",4,0,0,0,0,0,0,"N",0.66,0,0,0,0,0,0,"N",0,0,0,0,0,0,0,0,0,0,0,0,0,0
"331",13245,5,"237110",78,0,2015,"A","N",4,0,0,0,0,0,0,"N",0.66,0,0,0,0,0,0,"N",0,0,0,0,0,0,0,0,0,0,0,0,0,0
"332",13245,5,"23712",77,0,2015,"A","N",1,0,0,0,0,0,0,"N",0.53,0,0,0,0,0,0,"N",0,0,0,0,0,0,0,0,0,0,0,0,0,0
"333",13245,5,"237120",78,0,2015,"A","N",1,0,0,0,0,0,0,"N",0.53,0,0,0,0,0,0,"N",0,0,0,0,0,0,0,0,0,0,0,0,0,0
"334",13245,5,"23713",77,0,2015,"A",NA,9,86,4577071,1064504,32534,1019,52965,NA,2.03,0.68,0.63,0.63,0.51,0.92,0.92,NA,1,12.5,-18,-17.3,-477194,-9.4,-354950,-25,4724,17,81,8.6,4210,8.6
"335",13245,5,"237130",78,0,2015,"A",NA,9,86,4577071,1064504,32534,1019,52965,NA,2.03,0.68,0.63,0.63,0.51,0.92,0.92,NA,1,12.5,-18,-17.3,-477194,-9.4,-354950,-25,4724,17,81,8.6,4210,8.6
"336",13245,5,"2372",76,0,2015,"A","N",1,0,0,0,0,0,0,"N",0.31,0,0,0,0,0,0,"N",0,0,0,0,0,0,0,0,0,0,0,0,0,0
"337",13245,5,"23721",77,0,2015,"A","N",1,0,0,0,0,0,0,"N",0.31,0,0,0,0,0,0,"N",0,0,0,0,0,0,0,0,0,0,0,0,0,0
"338",13245,5,"237210",78,0,2015,"A","N",1,0,0,0,0,0,0,"N",0.31,0,0,0,0,0,0,"N",0,0,0,0,0,0,0,0,0,0,0,0,0,0
"339",13245,5,"2373",76,0,2015,"A",NA,4,124,6176849,1092936,75965,957,49780,NA,0.73,0.54,0.5,0.37,0.51,0.92,0.92,NA,-2,-33.3,-6,-4.6,8258,0.1,-106835,-8.9,-9914,-11.5,44,4.8,2329,4.9
"340",13245,5,"23731",77,0,2015,"A",NA,4,124,6176849,1092936,75965,957,49780,NA,0.73,0.54,0.5,0.37,0.51,0.92,0.92,NA,-2,-33.3,-6,-4.6,8258,0.1,-106835,-8.9,-9914,-11.5,44,4.8,2329,4.9
"341",13245,5,"237310",78,0,2015,"A",NA,4,124,6176849,1092936,75965,957,49780,NA,0.73,0.54,0.5,0.37,0.51,0.92,0.92,NA,-2,-33.3,-6,-4.6,8258,0.1,-106835,-8.9,-9914,-11.5,44,4.8,2329,4.9
"342",13245,5,"2379",76,0,2015,"A","N",1,0,0,0,0,0,0,"N",0.26,0,0,0,0,0,0,"N",0,0,0,0,0,0,0,0,0,0,0,0,0,0
"343",13245,5,"23799",77,0,2015,"A","N",1,0,0,0,0,0,0,"N",0.26,0,0,0,0,0,0,"N",0,0,0,0,0,0,0,0,0,0,0,0,0,0
"344",13245,5,"237990",78,0,2015,"A","N",1,0,0,0,0,0,0,"N",0.26,0,0,0,0,0,0,"N",0,0,0,0,0,0,0,0,0,0,0,0,0,0
"345",13245,5,"238",75,0,2015,"A",NA,210,1875,74812007,23105075,724697,767,39903,NA,0.87,0.61,0.57,0.66,0.57,0.93,0.93,NA,3,1.4,26,1.4,2535538,3.5,-31234,-0.1,-189652,-20.7,15,2,822,2.1
"346",13245,5,"2381",76,0,2015,"A",NA,35,296,12103932,3939600,117740,786,40892,NA,0.74,0.5,0.52,0.57,0.46,1.05,1.05,NA,-1,-2.8,58,24.4,2227510,22.6,950308,31.8,15907,15.6,-13,-1.6,-635,-1.5
"347",13245,5,"23811",77,0,2015,"A","N",4,0,0,0,0,0,0,"N",0.44,0,0,0,0,0,0,"N",0,0,0,0,0,0,0,0,0,0,0,0,0,0
"348",13245,5,"238111",78,0,2015,"A","N",2,0,0,0,0,0,0,"N",0.31,0,0,0,0,0,0,"N",0,0,0,0,0,0,0,0,0,0,0,0,0,0
"349",13245,5,"238112",78,0,2015,"A","N",2,0,0,0,0,0,0,"N",0.73,0,0,0,0,0,0,"N",0,0,0,0,0,0,0,0,0,0,0,0,0,0
"350",13245,5,"23812",77,0,2015,"A","N",2,0,0,0,0,0,0,"N",0.78,0,0,0,0,0,0,"N",-2,-50,0,0,0,0,0,0,0,0,0,0,0,0
"351",13245,5,"238122",78,0,2015,"A","N",2,0,0,0,0,0,0,"N",1.04,0,0,0,0,0,0,"N",-1,-33.3,0,0,0,0,0,0,0,0,0,0,0,0
"352",13245,5,"23814",77,0,2015,"A",NA,11,43,1130578,559207,40222,510,26498,NA,1.08,0.41,0.3,0.45,0.75,0.75,0.75,NA,1,10,39,975,1021015,931.9,489695,704.5,37499,1377.1,14,2.8,718,2.8
"353",13245,5,"238141",78,0,2015,"A","N",5,0,0,0,0,0,0,"N",0.67,0,0,0,0,0,0,"N",1,25,0,0,0,0,0,0,0,0,0,0,0,0
"354",13245,5,"238142",78,0,2015,"A","N",6,0,0,0,0,0,0,"N",2.24,0,0,0,0,0,0,"N",0,0,0,0,0,0,0,0,0,0,0,0,0,0
"355",13245,5,"23815",77,0,2015,"A",NA,5,23,1255460,296917,2930,1061,55185,NA,1.7,0.53,0.65,0.61,0.17,1.25,1.25,NA,0,0,-5,-17.9,-37018,-2.9,1426,0.5,-848,-22.4,157,17.4,8186,17.4
"356",13245,5,"238151",78,0,2015,"A","N",1,0,0,0,0,0,0,"N",0.64,0,0,0,0,0,0,"N",0,0,0,0,0,0,0,0,0,0,0,0,0,0
"357",13245,5,"238152",78,0,2015,"A","N",4,0,0,0,0,0,0,"N",2.88,0,0,0,0,0,0,"N",0,0,0,0,0,0,0,0,0,0,0,0,0,0
"358",13245,5,"23816",77,0,2015,"A",NA,6,32,1099506,365853,13389,662,34449,NA,0.58,0.24,0.22,0.25,0.26,0.92,0.92,NA,-1,-14.3,2,6.7,36887,3.5,58535,19,4105,44.2,-10,-1.5,-486,-1.4
"359",13245,5,"238161",78,0,2015,"A","N",4,0,0,0,0,0,0,"N",0.52,0,0,0,0,0,0,"N",0,0,0,0,0,0,0,0,0,0,0,0,0,0
"360",13245,5,"238162",78,0,2015,"A","N",2,0,0,0,0,0,0,"N",0.73,0,0,0,0,0,0,"N",-1,-33.3,0,0,0,0,0,0,0,0,0,0,0,0
"361",13245,5,"23817",77,0,2015,"A",NA,3,43,1877833,478182,16845,843,43840,NA,0.81,1.71,2.27,1.59,1.78,1.33,1.33,NA,0,0,2,4.9,178176,10.5,-15917,-3.2,293,1.8,52,6.6,2719,6.6
"362",13245,5,"238171",78,0,2015,"A",NA,3,43,1877833,478182,16845,843,43840,NA,0.88,2.01,2.81,1.88,2.2,1.4,1.4,NA,0,0,2,4.9,178176,10.5,-15917,-3.2,293,1.8,52,6.6,2719,6.6
"363",13245,5,"23819",77,0,2015,"A","N",3,0,0,0,0,0,0,"N",0.97,0,0,0,0,0,0,"N",-1,-25,0,0,0,0,0,0,0,0,0,0,0,0
"364",13245,5,"238191",78,0,2015,"A","N",2,0,0,0,0,0,0,"N",1.33,0,0,0,0,0,0,"N",-1,-33.3,0,0,0,0,0,0,0,0,0,0,0,0
"365",13245,5,"238192",78,0,2015,"A","N",1,0,0,0,0,0,0,"N",0.63,0,0,0,0,0,0,"N",0,0,0,0,0,0,0,0,0,0,0,0,0,0
"366",13245,5,"2382",76,0,2015,"A",NA,102,1065,43951200,12964098,388637,793,41253,NA,1.06,0.74,0.64,0.78,0.67,0.87,0.87,NA,3,3,-49,-4.4,-563230,-1.3,-730377,-5.3,-155013,-28.5,24,3.1,1276,3.2
"367",13245,5,"23821",77,0,2015,"A",NA,46,278,11723430,3399860,123657,811,42196,NA,1.13,0.44,0.39,0.47,0.48,0.87,0.88,"N",3,7,0,0,0,0,0,0,0,0,0,0,0,0
"368",13245,5,"238211",78,0,2015,"A",NA,14,54,1452105,732505,22347,516,26849,NA,0.61,0.27,0.19,0.33,0.36,0.71,0.71,"N",1,7.7,0,0,0,0,0,0,0,0,0,0,0,0
"369",13245,5,"238212",78,0,2015,"A",NA,32,224,10271325,2667355,101310,883,45905,NA,1.8,0.53,0.46,0.53,0.51,0.87,0.87,NA,2,6.7,9,4.2,872253,9.3,117745,4.6,-21089,-17.2,43,5.1,2205,5
"370",13245,5,"23822",77,0,2015,"A",NA,53,773,31402844,9341479,260012,781,40612,NA,1.05,1.08,0.96,1.16,0.93,0.89,0.89,NA,1,1.9,-64,-7.6,-1740861,-5.3,-874305,-8.6,-134201,-34,19,2.5,1006,2.5
"371",13245,5,"238221",78,0,2015,"A",NA,37,430,17160540,4979673,95778,767,39908,NA,1.02,1.24,1.3,1.36,0.96,1.05,1.05,NA,0,0,-24,-5.3,-163155,-0.9,-84529,-1.7,-40474,-29.7,33,4.5,1750,4.6
"372",13245,5,"238222",78,0,2015,"A",NA,16,343,14242304,4361806,164234,798,41493,NA,1.13,0.92,0.72,0.99,0.91,0.78,0.78,NA,1,6.7,-40,-10.4,-1577706,-10,-789776,-15.3,-93727,-36.3,3,0.4,170,0.4
"373",13245,5,"23829",77,0,2015,"A",NA,4,14,824926,222759,4968,1107,57553,NA,0.79,0.14,0.15,0.18,0.11,1.01,1.01,"N",0,0,0,0,0,0,0,0,0,0,0,0,0,0
"374",13245,5,"238291",78,0,2015,"A","N",1,0,0,0,0,0,0,"N",1,0,0,0,0,0,0,"N",0,0,0,0,0,0,0,0,0,0,0,0,0,0
"375",13245,5,"238292",78,0,2015,"A","N",3,0,0,0,0,0,0,"N",0.73,0,0,0,0,0,0,"N",0,0,0,0,0,0,0,0,0,0,0,0,0,0
"376",13245,5,"2383",76,0,2015,"A",NA,48,205,6239573,2529206,88485,586,30487,NA,0.82,0.37,0.3,0.4,0.4,0.82,0.82,NA,1,2.1,27,15.2,750791,13.7,122050,5.1,-12125,-12.1,-6,-1,-320,-1
"377",13245,5,"23831",77,0,2015,"A",NA,15,108,3548470,1387789,57620,630,32780,NA,1.54,0.63,0.52,0.67,0.71,0.82,0.82,NA,1,7.1,23,27.1,864436,32.2,195659,16.4,4828,9.1,20,3.3,1079,3.4
"378",13245,5,"238311",78,0,2015,"A",NA,7,30,1060049,416316,17229,672,34947,NA,1.07,0.4,0.44,0.49,0.68,1.07,1.07,NA,0,0,3,11.1,171478,19.3,6246,1.5,-3781,-18,35,5.5,1833,5.5
"379",13245,5,"238312",78,0,2015,"A",NA,8,78,2488421,971473,40391,614,31937,NA,2.48,0.81,0.56,0.8,0.73,0.7,0.7,NA,1,14.3,20,34.5,692958,38.6,189413,24.2,8609,27.1,17,2.8,892,2.9
"380",13245,5,"23832",77,0,2015,"A",NA,10,14,311458,154182,4003,436,22651,NA,0.56,0.1,0.07,0.1,0.07,0.68,0.68,NA,2,25,5,55.6,96729,45,18585,13.7,-111,-2.7,-23,-5,-1208,-5.1
"381",13245,5,"238321",78,0,2015,"A","N",9,0,0,0,0,0,0,"N",0.63,0,0,0,0,0,0,"N",2,28.6,0,0,0,0,0,0,0,0,0,0,0,0
"382",13245,5,"238322",78,0,2015,"A","N",1,0,0,0,0,0,0,"N",0.28,0,0,0,0,0,0,"N",0,0,0,0,0,0,0,0,0,0,0,0,0,0
"383",13245,5,"23833",77,0,2015,"A","N",4,0,0,0,0,0,0,"N",0.52,0,0,0,0,0,0,"N",-1,-20,0,0,0,0,0,0,0,0,0,0,0,0
"384",13245,5,"238331",78,0,2015,"A",NA,4,8,235707,97219,4293,591,30744,NA,0.65,0.25,0.22,0.28,0.48,0.92,0.92,"N",-1,-20,0,0,0,0,0,0,0,0,0,0,0,0
"385",13245,5,"238332",78,0,2015,"A","N",0,0,0,0,0,0,0,"N",0,0,0,0,0,0,0,"N",0,0,0,0,0,0,0,0,0,0,0,0,0,0
"386",13245,5,"23834",77,0,2015,"A",NA,5,16,542348,176513,3906,662,34435,NA,1.09,0.43,0.41,0.43,0.3,0.97,0.97,NA,0,0,-1,-5.9,-17038,-3,-25980,-12.8,230,6.3,44,7.1,2317,7.2
"387",13245,5,"238341",78,0,2015,"A","N",3,0,0,0,0,0,0,"N",0.77,0,0,0,0,0,0,"N",0,0,0,0,0,0,0,0,0,0,0,0,0,0
"388",13245,5,"238342",78,0,2015,"A","N",2,0,0,0,0,0,0,"N",2.87,0,0,0,0,0,0,"N",0,0,0,0,0,0,0,0,0,0,0,0,0,0
"389",13245,5,"23835",77,0,2015,"A",NA,12,46,1151238,541563,14012,487,25302,NA,0.85,0.47,0.33,0.51,0.42,0.7,0.7,NA,0,0,7,17.9,159231,16.1,73272,15.6,-1782,-11.3,3,0.6,135,0.5
"390",13245,5,"238351",78,0,2015,"A","N",10,0,0,0,0,0,0,"N",0.83,0,0,0,0,0,0,"N",0,0,0,0,0,0,0,0,0,0,0,0,0,0
"391",13245,5,"238352",78,0,2015,"A","N",2,0,0,0,0,0,0,"N",0.95,0,0,0,0,0,0,"N",0,0,0,0,0,0,0,0,0,0,0,0,0,0
"392",13245,5,"23839",77,0,2015,"A","N",3,0,0,0,0,0,0,"N",0.68,0,0,0,0,0,0,"N",0,0,0,0,0,0,0,0,0,0,0,0,0,0
"393",13245,5,"238391",78,0,2015,"A","N",2,0,0,0,0,0,0,"N",0.89,0,0,0,0,0,0,"N",0,0,0,0,0,0,0,0,0,0,0,0,0,0
"394",13245,5,"238392",78,0,2015,"A","N",1,0,0,0,0,0,0,"N",0.46,0,0,0,0,0,0,"N",0,0,0,0,0,0,0,0,0,0,0,0,0,0
"395",13245,5,"2389",76,0,2015,"A",NA,25,309,12517302,3672171,129835,780,40542,NA,0.66,0.67,0.65,0.68,0.61,0.97,0.97,NA,0,0,-11,-3.4,120467,1,-373215,-9.2,-38421,-22.8,35,4.7,1792,4.6
"396",13245,5,"23891",77,0,2015,"A",NA,13,134,5014519,1463570,35598,722,37562,NA,0.73,0.59,0.51,0.53,0.33,0.88,0.88,NA,0,0,-25,-15.7,-311367,-5.8,-202155,-12.1,-43524,-55,79,12.3,4118,12.3
"397",13245,5,"238911",78,0,2015,"A",NA,7,78,3149529,885251,26044,781,40595,NA,0.71,0.98,1.06,0.94,0.75,1.09,1.09,NA,0,0,-24,-23.5,-772280,-19.7,-300240,-25.3,-41599,-61.5,43,5.8,2209,5.8
"398",13245,5,"238912",78,0,2015,"A",NA,6,56,1864990,578319,9554,641,33353,NA,0.76,0.38,0.27,0.32,0.13,0.73,0.73,NA,0,0,-1,-1.8,460913,32.8,98085,20.4,-1925,-16.8,168,35.5,8756,35.6
"399",13245,5,"23899",77,0,2015,"A",NA,12,175,7502783,2208601,94237,823,42812,NA,0.6,0.76,0.8,0.84,0.89,1.06,1.06,NA,-1,-7.7,14,8.7,431834,6.1,-171060,-7.2,5103,5.7,-23,-2.7,-1198,-2.7
"400",13245,5,"238991",78,0,2015,"A","N",4,0,0,0,0,0,0,"N",0.31,0,0,0,0,0,0,"N",0,0,0,0,0,0,0,0,0,0,0,0,0,0
"401",13245,5,"238992",78,0,2015,"A","N",8,0,0,0,0,0,0,"N",1.13,0,0,0,0,0,0,"N",-1,-11.1,0,0,0,0,0,0,0,0,0,0,0,0
"402",13245,5,"31-33",74,0,2015,"A",NA,139,7238,456414999,79331409,2335736,1213,63060,NA,0.82,0.79,0.94,0.84,1.06,1.2,1.2,NA,2,1.5,-4,-0.1,23479654,5.4,-79432,-0.1,-103745,-4.3,63,5.5,3282,5.5
"403",13245,5,"311",75,0,2015,"A",NA,10,1044,52849079,11971848,766906,973,50618,NA,0.64,0.92,1.26,1,3.12,1.37,1.37,NA,1,11.1,-8,-0.8,4234000,8.7,23962,0.2,137006,21.8,85,9.6,4421,9.6
"404",13245,5,"3111",76,0,2015,"A","N",1,0,0,0,0,0,0,"N",0.94,0,0,0,0,0,0,"N",0,0,0,0,0,0,0,0,0,0,0,0,0,0
"405",13245,5,"31111",77,0,2015,"A","N",1,0,0,0,0,0,0,"N",0.94,0,0,0,0,0,0,"N",0,0,0,0,0,0,0,0,0,0,0,0,0,0
"406",13245,5,"311119",78,0,2015,"A","N",1,0,0,0,0,0,0,"N",1.22,0,0,0,0,0,0,"N",0,0,0,0,0,0,0,0,0,0,0,0,0,0
"407",13245,5,"3113",76,0,2015,"A","N",1,0,0,0,0,0,0,"N",0.99,0,0,0,0,0,0,"N",0,0,0,0,0,0,0,0,0,0,0,0,0,0
"408",13245,5,"31135",77,0,2015,"A","N",1,0,0,0,0,0,0,"N",1.48,0,0,0,0,0,0,"N",0,0,0,0,0,0,0,0,0,0,0,0,0,0
"409",13245,5,"311352",78,0,2015,"A","N",1,0,0,0,0,0,0,"N",1.74,0,0,0,0,0,0,"N",0,0,0,0,0,0,0,0,0,0,0,0,0,0
"410",13245,5,"3116",76,0,2015,"A","N",2,0,0,0,0,0,0,"N",1,0,0,0,0,0,0,"N",0,0,0,0,0,0,0,0,0,0,0,0,0,0
"411",13245,5,"31161",77,0,2015,"A","N",2,0,0,0,0,0,0,"N",1,0,0,0,0,0,0,"N",0,0,0,0,0,0,0,0,0,0,0,0,0,0
"412",13245,5,"311611",78,0,2015,"A","N",1,0,0,0,0,0,0,"N",1.28,0,0,0,0,0,0,"N",0,0,0,0,0,0,0,0,0,0,0,0,0,0
"413",13245,5,"311612",78,0,2015,"A","N",1,0,0,0,0,0,0,"N",1.32,0,0,0,0,0,0,"N",0,0,0,0,0,0,0,0,0,0,0,0,0,0
"414",13245,5,"3118",76,0,2015,"A","N",5,0,0,0,0,0,0,"N",0.79,0,0,0,0,0,0,"N",0,0,0,0,0,0,0,0,0,0,0,0,0,0
"415",13245,5,"31181",77,0,2015,"A",NA,4,45,2561518,661811,6513,1101,57241,NA,0.71,0.27,0.54,0.43,0.22,1.99,1.99,NA,0,0,8,21.6,291691,12.9,52213,8.6,602,10.2,-92,-7.7,-4804,-7.7
"416",13245,5,"311811",78,0,2015,"A","N",3,0,0,0,0,0,0,"N",0.81,0,0,0,0,0,0,"N",0,0,0,0,0,0,0,0,0,0,0,0,0,0
"417",13245,5,"311812",78,0,2015,"A","N",1,0,0,0,0,0,0,"N",0.56,0,0,0,0,0,0,"N",0,0,0,0,0,0,0,0,0,0,0,0,0,0
"418",13245,5,"31182",77,0,2015,"A","N",1,0,0,0,0,0,0,"N",1.97,0,0,0,0,0,0,"N",0,0,0,0,0,0,0,0,0,0,0,0,0,0
"419",13245,5,"311821",78,0,2015,"A","N",1,0,0,0,0,0,0,"N",3.61,0,0,0,0,0,0,"N",0,0,0,0,0,0,0,0,0,0,0,0,0,0
"420",13245,5,"3119",76,0,2015,"A","N",1,0,0,0,0,0,0,"N",0.44,0,0,0,0,0,0,"N",1,100,0,0,0,0,0,0,0,0,0,0,0,0
"421",13245,5,"31194",77,0,2015,"A","N",1,0,0,0,0,0,0,"N",2.32,0,0,0,0,0,0,"N",1,100,0,0,0,0,0,0,0,0,0,0,0,0
"422",13245,5,"311941",78,0,2015,"A","N",1,0,0,0,0,0,0,"N",5.73,0,0,0,0,0,0,"N",1,100,0,0,0,0,0,0,0,0,0,0,0,0
"423",13245,5,"312",75,0,2015,"A","N",2,0,0,0,0,0,0,"N",0.46,0,0,0,0,0,0,"N",1,100,0,0,0,0,0,0,0,0,0,0,0,0
"424",13245,5,"3121",76,0,2015,"A","N",2,0,0,0,0,0,0,"N",0.48,0,0,0,0,0,0,"N",1,100,0,0,0,0,0,0,0,0,0,0,0,0
"425",13245,5,"31211",77,0,2015,"A","N",1,0,0,0,0,0,0,"N",1.08,0,0,0,0,0,0,"N",0,0,0,0,0,0,0,0,0,0,0,0,0,0
"426",13245,5,"312112",78,0,2015,"A","N",1,0,0,0,0,0,0,"N",3.84,0,0,0,0,0,0,"N",0,0,0,0,0,0,0,0,0,0,0,0,0,0
"427",13245,5,"31212",77,0,2015,"A","N",1,0,0,0,0,0,0,"N",0.92,0,0,0,0,0,0,"N",1,100,0,0,0,0,0,0,0,0,0,0,0,0
"428",13245,5,"312120",78,0,2015,"A","N",1,0,0,0,0,0,0,"N",0.92,0,0,0,0,0,0,"N",1,100,0,0,0,0,0,0,0,0,0,0,0,0
"429",13245,5,"313",75,0,2015,"A","N",1,0,0,0,0,0,0,"N",0.7,0,0,0,0,0,0,"N",0,0,0,0,0,0,0,0,0,0,0,0,0,0
"430",13245,5,"3131",76,0,2015,"A","N",1,0,0,0,0,0,0,"N",5.04,0,0,0,0,0,0,"N",0,0,0,0,0,0,0,0,0,0,0,0,0,0
"431",13245,5,"31311",77,0,2015,"A","N",1,0,0,0,0,0,0,"N",5.04,0,0,0,0,0,0,"N",0,0,0,0,0,0,0,0,0,0,0,0,0,0
"432",13245,5,"313110",78,0,2015,"A","N",1,0,0,0,0,0,0,"N",5.04,0,0,0,0,0,0,"N",0,0,0,0,0,0,0,0,0,0,0,0,0,0
"433",13245,5,"314",75,0,2015,"A","N",3,0,0,0,0,0,0,"N",0.89,0,0,0,0,0,0,"N",0,0,0,0,0,0,0,0,0,0,0,0,0,0
"434",13245,5,"3141",76,0,2015,"A","N",1,0,0,0,0,0,0,"N",1.04,0,0,0,0,0,0,"N",0,0,0,0,0,0,0,0,0,0,0,0,0,0
"435",13245,5,"31412",77,0,2015,"A","N",1,0,0,0,0,0,0,"N",1.3,0,0,0,0,0,0,"N",0,0,0,0,0,0,0,0,0,0,0,0,0,0
"436",13245,5,"314120",78,0,2015,"A","N",1,0,0,0,0,0,0,"N",1.3,0,0,0,0,0,0,"N",0,0,0,0,0,0,0,0,0,0,0,0,0,0
"437",13245,5,"3149",76,0,2015,"A","N",2,0,0,0,0,0,0,"N",0.83,0,0,0,0,0,0,"N",0,0,0,0,0,0,0,0,0,0,0,0,0,0
"438",13245,5,"31491",77,0,2015,"A","N",1,0,0,0,0,0,0,"N",1.13,0,0,0,0,0,0,"N",0,0,0,0,0,0,0,0,0,0,0,0,0,0
"439",13245,5,"314910",78,0,2015,"A","N",1,0,0,0,0,0,0,"N",1.13,0,0,0,0,0,0,"N",0,0,0,0,0,0,0,0,0,0,0,0,0,0
"440",13245,5,"31499",77,0,2015,"A","N",1,0,0,0,0,0,0,"N",0.66,0,0,0,0,0,0,"N",0,0,0,0,0,0,0,0,0,0,0,0,0,0
"441",13245,5,"314999",78,0,2015,"A","N",1,0,0,0,0,0,0,"N",0.7,0,0,0,0,0,0,"N",0,0,0,0,0,0,0,0,0,0,0,0,0,0
"442",13245,5,"315",75,0,2015,"A","N",2,0,0,0,0,0,0,"N",0.58,0,0,0,0,0,0,"N",0,0,0,0,0,0,0,0,0,0,0,0,0,0
"443",13245,5,"3152",76,0,2015,"A","N",2,0,0,0,0,0,0,"N",0.68,0,0,0,0,0,0,"N",0,0,0,0,0,0,0,0,0,0,0,0,0,0
"444",13245,5,"31521",77,0,2015,"A","N",1,0,0,0,0,0,0,"N",0.64,0,0,0,0,0,0,"N",0,0,0,0,0,0,0,0,0,0,0,0,0,0
"445",13245,5,"315210",78,0,2015,"A","N",1,0,0,0,0,0,0,"N",0.64,0,0,0,0,0,0,"N",0,0,0,0,0,0,0,0,0,0,0,0,0,0
"446",13245,5,"31522",77,0,2015,"A","N",1,0,0,0,0,0,0,"N",2.48,0,0,0,0,0,0,"N",0,0,0,0,0,0,0,0,0,0,0,0,0,0
"447",13245,5,"315220",78,0,2015,"A","N",1,0,0,0,0,0,0,"N",2.48,0,0,0,0,0,0,"N",0,0,0,0,0,0,0,0,0,0,0,0,0,0
"448",13245,5,"321",75,0,2015,"A",NA,10,252,10703561,2675972,158189,816,42432,NA,1.39,0.88,1.11,0.85,2.17,1.25,1.25,NA,0,0,16,6.8,1212633,12.8,189193,7.6,935,0.6,42,5.4,2202,5.5
"449",13245,5,"3211",76,0,2015,"A","N",2,0,0,0,0,0,0,"N",1.13,0,0,0,0,0,0,"N",0,0,0,0,0,0,0,0,0,0,0,0,0,0
"450",13245,5,"32111",77,0,2015,"A","N",2,0,0,0,0,0,0,"N",1.13,0,0,0,0,0,0,"N",0,0,0,0,0,0,0,0,0,0,0,0,0,0
"451",13245,5,"321113",78,0,2015,"A","N",2,0,0,0,0,0,0,"N",1.29,0,0,0,0,0,0,"N",0,0,0,0,0,0,0,0,0,0,0,0,0,0
"452",13245,5,"3212",76,0,2015,"A","N",1,0,0,0,0,0,0,"N",1.26,0,0,0,0,0,0,"N",0,0,0,0,0,0,0,0,0,0,0,0,0,0
"453",13245,5,"32121",77,0,2015,"A","N",1,0,0,0,0,0,0,"N",1.26,0,0,0,0,0,0,"N",0,0,0,0,0,0,0,0,0,0,0,0,0,0
"454",13245,5,"321214",78,0,2015,"A","N",1,0,0,0,0,0,0,"N",2.56,0,0,0,0,0,0,"N",0,0,0,0,0,0,0,0,0,0,0,0,0,0
"455",13245,5,"3219",76,0,2015,"A",NA,7,76,2581721,804660,27030,658,34195,NA,1.51,0.47,0.5,0.47,0.65,1.07,1.06,NA,0,0,10,15.2,262648,11.3,104507,14.9,-4287,-13.7,-16,-2.4,-854,-2.4
"456",13245,5,"32191",77,0,2015,"A","N",4,0,0,0,0,0,0,"N",2.34,0,0,0,0,0,0,"N",0,0,0,0,0,0,0,0,0,0,0,0,0,0
"457",13245,5,"321911",78,0,2015,"A","N",3,0,0,0,0,0,0,"N",5.43,0,0,0,0,0,0,"N",0,0,0,0,0,0,0,0,0,0,0,0,0,0
"458",13245,5,"321918",78,0,2015,"A","N",1,0,0,0,0,0,0,"N",1.11,0,0,0,0,0,0,"N",0,0,0,0,0,0,0,0,0,0,0,0,0,0
"459",13245,5,"32192",77,0,2015,"A","N",3,0,0,0,0,0,0,"N",2.08,0,0,0,0,0,0,"N",0,0,0,0,0,0,0,0,0,0,0,0,0,0
"460",13245,5,"321920",78,0,2015,"A","N",3,0,0,0,0,0,0,"N",2.08,0,0,0,0,0,0,"N",0,0,0,0,0,0,0,0,0,0,0,0,0,0
"461",13245,5,"322",75,0,2015,"A",NA,9,1247,93837423,13161008,291435,1447,75240,NA,3.3,4.48,6.27,4.62,4.84,1.4,1.4,NA,0,0,-9,-0.7,1858373,2,-1446964,-9.9,-39132,-11.8,39,2.8,2018,2.8
"462",13245,5,"3221",76,0,2015,"A",NA,4,880,75585192,9623022,136848,1653,85933,NA,10.32,11.52,14.61,11.57,9.64,1.27,1.27,NA,0,0,25,2.9,1330482,1.8,-594842,-5.8,-57468,-29.6,-16,-1,-881,-1
"463",13245,5,"32212",77,0,2015,"A","N",3,0,0,0,0,0,0,"N",13.01,0,0,0,0,0,0,"N",0,0,0,0,0,0,0,0,0,0,0,0,0,0
"464",13245,5,"322121",78,0,2015,"A","N",1,0,0,0,0,0,0,"N",4.71,0,0,0,0,0,0,"N",0,0,0,0,0,0,0,0,0,0,0,0,0,0
"465",13245,5,"322122",78,0,2015,"A","N",2,0,0,0,0,0,0,"N",105.89,0,0,0,0,0,0,"N",0,0,0,0,0,0,0,0,0,0,0,0,0,0
"466",13245,5,"32213",77,0,2015,"A","N",1,0,0,0,0,0,0,"N",7.98,0,0,0,0,0,0,"N",0,0,0,0,0,0,0,0,0,0,0,0,0,0
"467",13245,5,"322130",78,0,2015,"A","N",1,0,0,0,0,0,0,"N",7.98,0,0,0,0,0,0,"N",0,0,0,0,0,0,0,0,0,0,0,0,0,0
"468",13245,5,"3222",76,0,2015,"A",NA,5,368,18252231,3537986,154587,955,49655,NA,2.14,1.82,1.86,1.76,3.36,1.02,1.02,NA,0,0,-33,-8.2,527891,3,-852122,-19.4,18336,13.5,105,12.4,5436,12.3
"469",13245,5,"32221",77,0,2015,"A","N",4,0,0,0,0,0,0,"N",3.37,0,0,0,0,0,0,"N",0,0,0,0,0,0,0,0,0,0,0,0,0,0
"470",13245,5,"322211",78,0,2015,"A","N",1,0,0,0,0,0,0,"N",1.25,0,0,0,0,0,0,"N",0,0,0,0,0,0,0,0,0,0,0,0,0,0
"471",13245,5,"322212",78,0,2015,"A","N",1,0,0,0,0,0,0,"N",5.08,0,0,0,0,0,0,"N",0,0,0,0,0,0,0,0,0,0,0,0,0,0
"472",13245,5,"322219",78,0,2015,"A","N",2,0,0,0,0,0,0,"N",10.62,0,0,0,0,0,0,"N",0,0,0,0,0,0,0,0,0,0,0,0,0,0
"473",13245,5,"32229",77,0,2015,"A","N",1,0,0,0,0,0,0,"N",2.76,0,0,0,0,0,0,"N",0,0,0,0,0,0,0,0,0,0,0,0,0,0
"474",13245,5,"322291",78,0,2015,"A","N",1,0,0,0,0,0,0,"N",9.81,0,0,0,0,0,0,"N",0,0,0,0,0,0,0,0,0,0,0,0,0,0
"475",13245,5,"323",75,0,2015,"A",NA,9,81,2960521,884312,6729,700,36400,NA,0.62,0.24,0.23,0.26,0.08,0.94,0.94,NA,0,0,-7,-8,-136921,-4.4,24835,2.9,460,7.3,22,3.2,1168,3.3
"476",13245,5,"3231",76,0,2015,"A",NA,9,81,2960521,884312,6729,700,36400,NA,0.62,0.24,0.23,0.26,0.08,0.94,0.94,NA,0,0,-7,-8,-136921,-4.4,24835,2.9,460,7.3,22,3.2,1168,3.3
"477",13245,5,"32311",77,0,2015,"A",NA,9,81,2960521,884312,6729,700,36400,NA,0.66,0.26,0.24,0.28,0.09,0.94,0.94,NA,0,0,-7,-8,-136921,-4.4,24835,2.9,460,7.3,22,3.2,1168,3.3
"478",13245,5,"323111",78,0,2015,"A",NA,9,81,2960521,884312,6729,700,36400,NA,0.86,0.33,0.29,0.35,0.11,0.9,0.9,NA,0,0,-7,-8,-136921,-4.4,24835,2.9,460,7.3,22,3.2,1168,3.3
"479",13245,5,"325",75,0,2015,"A",NA,20,1042,106601355,11455144,102947,1967,102264,NA,2.36,1.72,2.25,1.87,0.84,1.3,1.3,NA,1,5.3,-151,-12.7,2473968,2.4,-745003,-6.1,-11339,-9.9,289,17.2,15006,17.2
"480",13245,5,"3251",76,0,2015,"A",NA,10,595,60473279,6935889,66617,1954,101607,NA,6.53,5.34,6.83,6.41,4,1.28,1.28,NA,0,0,-127,-17.6,598132,1,-440118,-6,-6451,-8.8,359,22.5,18649,22.5
"481",13245,5,"32512",77,0,2015,"A","N",1,0,0,0,0,0,0,"N",2.68,0,0,0,0,0,0,"N",0,0,0,0,0,0,0,0,0,0,0,0,0,0
"482",13245,5,"325120",78,0,2015,"A","N",1,0,0,0,0,0,0,"N",2.68,0,0,0,0,0,0,"N",0,0,0,0,0,0,0,0,0,0,0,0,0,0
"483",13245,5,"32518",77,0,2015,"A","N",6,0,0,0,0,0,0,"N",15.48,0,0,0,0,0,0,"N",0,0,0,0,0,0,0,0,0,0,0,0,0,0
"484",13245,5,"325180",78,0,2015,"A","N",6,0,0,0,0,0,0,"N",15.48,0,0,0,0,0,0,"N",0,0,0,0,0,0,0,0,0,0,0,0,0,0
"485",13245,5,"32519",77,0,2015,"A",NA,3,353,39160721,4482036,40104,2136,111068,NA,5.61,9.1,13.84,10.98,6.48,1.52,1.52,"N",0,0,0,0,0,0,0,0,0,0,0,0,0,0
"486",13245,5,"325193",78,0,2015,"A","N",1,0,0,0,0,0,0,"N",8.45,0,0,0,0,0,0,"N",0,0,0,0,0,0,0,0,0,0,0,0,0,0
"487",13245,5,"325199",78,0,2015,"A","N",2,0,0,0,0,0,0,"N",5.41,0,0,0,0,0,0,"N",0,0,0,0,0,0,0,0,0,0,0,0,0,0
"488",13245,5,"3252",76,0,2015,"A","N",2,0,0,0,0,0,0,"N",2.57,0,0,0,0,0,0,"N",0,0,0,0,0,0,0,0,0,0,0,0,0,0
"489",13245,5,"32521",77,0,2015,"A","N",2,0,0,0,0,0,0,"N",2.98,0,0,0,0,0,0,"N",0,0,0,0,0,0,0,0,0,0,0,0,0,0
"490",13245,5,"325211",78,0,2015,"A","N",2,0,0,0,0,0,0,"N",3.5,0,0,0,0,0,0,"N",0,0,0,0,0,0,0,0,0,0,0,0,0,0
"491",13245,5,"3253",76,0,2015,"A","N",2,0,0,0,0,0,0,"N",3.35,0,0,0,0,0,0,"N",1,100,0,0,0,0,0,0,0,0,0,0,0,0
"492",13245,5,"32531",77,0,2015,"A","N",2,0,0,0,0,0,0,"N",4.55,0,0,0,0,0,0,"N",1,100,0,0,0,0,0,0,0,0,0,0,0,0
"493",13245,5,"325311",78,0,2015,"A","N",2,0,0,0,0,0,0,"N",14.12,0,0,0,0,0,0,"N",1,100,0,0,0,0,0,0,0,0,0,0,0,0
"494",13245,5,"3254",76,0,2015,"A","N",2,0,0,0,0,0,0,"N",1.16,0,0,0,0,0,0,"N",0,0,0,0,0,0,0,0,0,0,0,0,0,0
"495",13245,5,"32541",77,0,2015,"A","N",2,0,0,0,0,0,0,"N",1.16,0,0,0,0,0,0,"N",0,0,0,0,0,0,0,0,0,0,0,0,0,0
"496",13245,5,"325413",78,0,2015,"A","N",2,0,0,0,0,0,0,"N",12.98,0,0,0,0,0,0,"N",0,0,0,0,0,0,0,0,0,0,0,0,0,0
"497",13245,5,"3255",76,0,2015,"A","N",1,0,0,0,0,0,0,"N",0.96,0,0,0,0,0,0,"N",0,0,0,0,0,0,0,0,0,0,0,0,0,0
"498",13245,5,"32552",77,0,2015,"A","N",1,0,0,0,0,0,0,"N",3.03,0,0,0,0,0,0,"N",0,0,0,0,0,0,0,0,0,0,0,0,0,0
"499",13245,5,"325520",78,0,2015,"A","N",1,0,0,0,0,0,0,"N",3.03,0,0,0,0,0,0,"N",0,0,0,0,0,0,0,0,0,0,0,0,0,0
"500",13245,5,"3256",76,0,2015,"A","N",1,0,0,0,0,0,0,"N",0.71,0,0,0,0,0,0,"N",0,0,0,0,0,0,0,0,0,0,0,0,0,0
"501",13245,5,"32561",77,0,2015,"A","N",1,0,0,0,0,0,0,"N",1.22,0,0,0,0,0,0,"N",0,0,0,0,0,0,0,0,0,0,0,0,0,0
"502",13245,5,"325611",78,0,2015,"A","N",1,0,0,0,0,0,0,"N",2.67,0,0,0,0,0,0,"N",0,0,0,0,0,0,0,0,0,0,0,0,0,0
"503",13245,5,"3259",76,0,2015,"A","N",2,0,0,0,0,0,0,"N",1.41,0,0,0,0,0,0,"N",0,0,0,0,0,0,0,0,0,0,0,0,0,0
"504",13245,5,"32592",77,0,2015,"A","N",1,0,0,0,0,0,0,"N",22.11,0,0,0,0,0,0,"N",0,0,0,0,0,0,0,0,0,0,0,0,0,0
"505",13245,5,"325920",78,0,2015,"A","N",1,0,0,0,0,0,0,"N",22.11,0,0,0,0,0,0,"N",0,0,0,0,0,0,0,0,0,0,0,0,0,0
"506",13245,5,"32599",77,0,2015,"A","N",1,0,0,0,0,0,0,"N",0.88,0,0,0,0,0,0,"N",0,0,0,0,0,0,0,0,0,0,0,0,0,0
"507",13245,5,"325998",78,0,2015,"A","N",1,0,0,0,0,0,0,"N",1.32,0,0,0,0,0,0,"N",0,0,0,0,0,0,0,0,0,0,0,0,0,0
"508",13245,5,"326",75,0,2015,"A",NA,3,26,1148900,277665,6262,850,44188,NA,0.46,0.05,0.05,0.05,0.05,1.07,1.07,NA,0,0,1,4,96615,9.2,9683,3.6,-2134,-25.4,35,4.3,1814,4.3
"509",13245,5,"3261",76,0,2015,"A","N",1,0,0,0,0,0,0,"N",0.18,0,0,0,0,0,0,"N",0,0,0,0,0,0,0,0,0,0,0,0,0,0
"510",13245,5,"32619",77,0,2015,"A","N",1,0,0,0,0,0,0,"N",0.32,0,0,0,0,0,0,"N",0,0,0,0,0,0,0,0,0,0,0,0,0,0
"511",13245,5,"326199",78,0,2015,"A","N",1,0,0,0,0,0,0,"N",0.34,0,0,0,0,0,0,"N",0,0,0,0,0,0,0,0,0,0,0,0,0,0
"512",13245,5,"3262",76,0,2015,"A","N",2,0,0,0,0,0,0,"N",1.93,0,0,0,0,0,0,"N",0,0,0,0,0,0,0,0,0,0,0,0,0,0
"513",13245,5,"32622",77,0,2015,"A","N",2,0,0,0,0,0,0,"N",9.38,0,0,0,0,0,0,"N",0,0,0,0,0,0,0,0,0,0,0,0,0,0
"514",13245,5,"326220",78,0,2015,"A","N",2,0,0,0,0,0,0,"N",9.38,0,0,0,0,0,0,"N",0,0,0,0,0,0,0,0,0,0,0,0,0,0
"515",13245,5,"327",75,0,2015,"A",NA,9,620,37598765,6797356,138060,1166,60619,NA,1.12,2.09,2.84,2.19,1.47,1.36,1.36,NA,0,0,37,6.3,2301022,6.5,256865,3.9,-40742,-22.8,1,0.1,39,0.1
"516",13245,5,"3271",76,0,2015,"A","N",2,0,0,0,0,0,0,"N",2.79,0,0,0,0,0,0,"N",0,0,0,0,0,0,0,0,0,0,0,0,0,0
"517",13245,5,"32712",77,0,2015,"A","N",2,0,0,0,0,0,0,"N",5.98,0,0,0,0,0,0,"N",0,0,0,0,0,0,0,0,0,0,0,0,0,0
"518",13245,5,"327120",78,0,2015,"A","N",2,0,0,0,0,0,0,"N",5.98,0,0,0,0,0,0,"N",0,0,0,0,0,0,0,0,0,0,0,0,0,0
"519",13245,5,"3273",76,0,2015,"A",NA,5,84,5068289,963002,17613,1165,60577,NA,1.13,0.61,0.82,0.66,0.33,1.35,1.35,NA,0,0,5,6.3,106406,2.1,-8745,-0.9,-7884,-30.9,-40,-3.3,-2099,-3.3
"520",13245,5,"32732",77,0,2015,"A","N",4,0,0,0,0,0,0,"N",1.54,0,0,0,0,0,0,"N",0,0,0,0,0,0,0,0,0,0,0,0,0,0
"521",13245,5,"327320",78,0,2015,"A","N",4,0,0,0,0,0,0,"N",1.54,0,0,0,0,0,0,"N",0,0,0,0,0,0,0,0,0,0,0,0,0,0
"522",13245,5,"32739",77,0,2015,"A","N",1,0,0,0,0,0,0,"N",0.92,0,0,0,0,0,0,"N",0,0,0,0,0,0,0,0,0,0,0,0,0,0
"523",13245,5,"327390",78,0,2015,"A","N",1,0,0,0,0,0,0,"N",0.92,0,0,0,0,0,0,"N",0,0,0,0,0,0,0,0,0,0,0,0,0,0
"524",13245,5,"3279",76,0,2015,"A","N",2,0,0,0,0,0,0,"N",1.15,0,0,0,0,0,0,"N",0,0,0,0,0,0,0,0,0,0,0,0,0,0
"525",13245,5,"32799",77,0,2015,"A","N",2,0,0,0,0,0,0,"N",1.26,0,0,0,0,0,0,"N",0,0,0,0,0,0,0,0,0,0,0,0,0,0
"526",13245,5,"327991",78,0,2015,"A","N",2,0,0,0,0,0,0,"N",1.81,0,0,0,0,0,0,"N",0,0,0,0,0,0,0,0,0,0,0,0,0,0
"527",13245,5,"332",75,0,2015,"A",NA,24,518,26420128,6370581,194780,981,51037,NA,0.83,0.48,0.55,0.59,0.73,1.16,1.16,NA,0,0,-24,-4.4,944816,3.7,-207628,-3.2,-58157,-23,77,8.5,4042,8.6
"528",13245,5,"3321",76,0,2015,"A","N",1,0,0,0,0,0,0,"N",0.85,0,0,0,0,0,0,"N",0,0,0,0,0,0,0,0,0,0,0,0,0,0
"529",13245,5,"33211",77,0,2015,"A","N",1,0,0,0,0,0,0,"N",0.85,0,0,0,0,0,0,"N",0,0,0,0,0,0,0,0,0,0,0,0,0,0
"530",13245,5,"332111",78,0,2015,"A","N",1,0,0,0,0,0,0,"N",4.02,0,0,0,0,0,0,"N",0,0,0,0,0,0,0,0,0,0,0,0,0,0
"531",13245,5,"3323",76,0,2015,"A",NA,6,179,8631383,2298430,81907,926,48130,NA,0.83,0.65,0.75,0.82,1.1,1.15,1.15,NA,0,0,-17,-8.7,-170421,-1.9,-308377,-11.8,-44361,-35.1,61,7.1,3127,6.9
"532",13245,5,"33231",77,0,2015,"A","N",2,0,0,0,0,0,0,"N",0.66,0,0,0,0,0,0,"N",0,0,0,0,0,0,0,0,0,0,0,0,0,0
"533",13245,5,"332312",78,0,2015,"A","N",2,0,0,0,0,0,0,"N",1.2,0,0,0,0,0,0,"N",0,0,0,0,0,0,0,0,0,0,0,0,0,0
"534",13245,5,"33232",77,0,2015,"A","N",4,0,0,0,0,0,0,"N",0.96,0,0,0,0,0,0,"N",0,0,0,0,0,0,0,0,0,0,0,0,0,0
"535",13245,5,"332322",78,0,2015,"A",NA,3,88,4346884,1208896,48952,947,49256,NA,1.4,1.13,1.37,1.49,2.29,1.2,1.2,NA,0,0,-19,-17.8,-451565,-9.4,-330702,-21.5,-30217,-38.2,84,9.7,4376,9.8
"536",13245,5,"332323",78,0,2015,"A","N",1,0,0,0,0,0,0,"N",0.71,0,0,0,0,0,0,"N",0,0,0,0,0,0,0,0,0,0,0,0,0,0
"537",13245,5,"3324",76,0,2015,"A","N",1,0,0,0,0,0,0,"N",1.01,0,0,0,0,0,0,"N",0,0,0,0,0,0,0,0,0,0,0,0,0,0
"538",13245,5,"33242",77,0,2015,"A","N",1,0,0,0,0,0,0,"N",2.21,0,0,0,0,0,0,"N",0,0,0,0,0,0,0,0,0,0,0,0,0,0
"539",13245,5,"332420",78,0,2015,"A","N",1,0,0,0,0,0,0,"N",2.21,0,0,0,0,0,0,"N",0,0,0,0,0,0,0,0,0,0,0,0,0,0
"540",13245,5,"3327",76,0,2015,"A",NA,11,104,5620663,1148024,28039,1037,53915,NA,0.97,0.38,0.48,0.42,0.43,1.26,1.26,NA,0,0,-9,-8,-89067,-1.6,-77876,-6.4,1862,7.1,65,6.7,3349,6.6
"541",13245,5,"33271",77,0,2015,"A",NA,11,104,5620663,1148024,28039,1037,53915,NA,1.07,0.48,0.62,0.53,0.55,1.29,1.29,NA,0,0,-9,-8,-89067,-1.6,-77876,-6.4,1862,7.1,65,6.7,3349,6.6
"542",13245,5,"332710",78,0,2015,"A",NA,11,104,5620663,1148024,28039,1037,53915,NA,1.07,0.48,0.62,0.53,0.55,1.29,1.29,NA,0,0,-9,-8,-89067,-1.6,-77876,-6.4,1862,7.1,65,6.7,3349,6.6
"543",13245,5,"3328",76,0,2015,"A",NA,3,54,1824006,780712,28831,645,33519,NA,0.94,0.52,0.45,0.79,1.19,0.87,0.87,NA,0,0,4,8,131690,7.8,133307,20.6,5617,24.2,-10,-1.5,-554,-1.6
"544",13245,5,"33281",77,0,2015,"A",NA,3,54,1824006,780712,28831,645,33519,NA,0.94,0.52,0.45,0.79,1.19,0.87,0.87,NA,0,0,4,8,131690,7.8,133307,20.6,5617,24.2,-10,-1.5,-554,-1.6
"545",13245,5,"332812",78,0,2015,"A","N",1,0,0,0,0,0,0,"N",0.69,0,0,0,0,0,0,"N",0,0,0,0,0,0,0,0,0,0,0,0,0,0
"546",13245,5,"332813",78,0,2015,"A","N",2,0,0,0,0,0,0,"N",1.43,0,0,0,0,0,0,"N",0,0,0,0,0,0,0,0,0,0,0,0,0,0
"547",13245,5,"3329",76,0,2015,"A","N",2,0,0,0,0,0,0,"N",0.57,0,0,0,0,0,0,"N",0,0,0,0,0,0,0,0,0,0,0,0,0,0
"548",13245,5,"33299",77,0,2015,"A","N",2,0,0,0,0,0,0,"N",0.74,0,0,0,0,0,0,"N",0,0,0,0,0,0,0,0,0,0,0,0,0,0
"549",13245,5,"332992",78,0,2015,"A","N",1,0,0,0,0,0,0,"N",14.17,0,0,0,0,0,0,"N",0,0,0,0,0,0,0,0,0,0,0,0,0,0
"550",13245,5,"332996",78,0,2015,"A","N",1,0,0,0,0,0,0,"N",2.11,0,0,0,0,0,0,"N",0,0,0,0,0,0,0,0,0,0,0,0,0,0
"551",13245,5,"333",75,0,2015,"A",NA,5,38,1742415,624718,2524,894,46464,NA,0.34,0.05,0.04,0.07,0.01,0.84,0.84,NA,0,0,2,5.6,74677,4.5,29618,5,-1183,-31.9,5,0.6,245,0.5
"552",13245,5,"3332",76,0,2015,"A","N",1,0,0,0,0,0,0,"N",0.51,0,0,0,0,0,0,"N",0,0,0,0,0,0,0,0,0,0,0,0,0,0
"553",13245,5,"33324",77,0,2015,"A","N",1,0,0,0,0,0,0,"N",0.51,0,0,0,0,0,0,"N",0,0,0,0,0,0,0,0,0,0,0,0,0,0
"554",13245,5,"333241",78,0,2015,"A","N",1,0,0,0,0,0,0,"N",3.37,0,0,0,0,0,0,"N",0,0,0,0,0,0,0,0,0,0,0,0,0,0
"555",13245,5,"3334",76,0,2015,"A","N",2,0,0,0,0,0,0,"N",1.77,0,0,0,0,0,0,"N",0,0,0,0,0,0,0,0,0,0,0,0,0,0
"556",13245,5,"33341",77,0,2015,"A","N",2,0,0,0,0,0,0,"N",1.77,0,0,0,0,0,0,"N",0,0,0,0,0,0,0,0,0,0,0,0,0,0
"557",13245,5,"333413",78,0,2015,"A","N",1,0,0,0,0,0,0,"N",3.08,0,0,0,0,0,0,"N",0,0,0,0,0,0,0,0,0,0,0,0,0,0
"558",13245,5,"333414",78,0,2015,"A","N",1,0,0,0,0,0,0,"N",4.3,0,0,0,0,0,0,"N",0,0,0,0,0,0,0,0,0,0,0,0,0,0
"559",13245,5,"3336",76,0,2015,"A","N",1,0,0,0,0,0,0,"N",1.62,0,0,0,0,0,0,"N",0,0,0,0,0,0,0,0,0,0,0,0,0,0
"560",13245,5,"33361",77,0,2015,"A","N",1,0,0,0,0,0,0,"N",1.62,0,0,0,0,0,0,"N",0,0,0,0,0,0,0,0,0,0,0,0,0,0
"561",13245,5,"333613",78,0,2015,"A","N",1,0,0,0,0,0,0,"N",6.31,0,0,0,0,0,0,"N",0,0,0,0,0,0,0,0,0,0,0,0,0,0
"562",13245,5,"3339",76,0,2015,"A","N",1,0,0,0,0,0,0,"N",0.29,0,0,0,0,0,0,"N",0,0,0,0,0,0,0,0,0,0,0,0,0,0
"563",13245,5,"33392",77,0,2015,"A","N",1,0,0,0,0,0,0,"N",1.17,0,0,0,0,0,0,"N",0,0,0,0,0,0,0,0,0,0,0,0,0,0
"564",13245,5,"333924",78,0,2015,"A","N",1,0,0,0,0,0,0,"N",5.39,0,0,0,0,0,0,"N",0,0,0,0,0,0,0,0,0,0,0,0,0,0
"565",13245,5,"334",75,0,2015,"A","N",2,0,0,0,0,0,0,"N",0.21,0,0,0,0,0,0,"N",1,100,0,0,0,0,0,0,0,0,0,0,0,0
"566",13245,5,"3345",76,0,2015,"A","N",2,0,0,0,0,0,0,"N",0.5,0,0,0,0,0,0,"N",1,100,0,0,0,0,0,0,0,0,0,0,0,0
"567",13245,5,"33451",77,0,2015,"A","N",2,0,0,0,0,0,0,"N",0.5,0,0,0,0,0,0,"N",1,100,0,0,0,0,0,0,0,0,0,0,0,0
"568",13245,5,"334517",78,0,2015,"A","N",2,0,0,0,0,0,0,"N",15.24,0,0,0,0,0,0,"N",1,100,0,0,0,0,0,0,0,0,0,0,0,0
"569",13245,5,"335",75,0,2015,"A","N",3,0,0,0,0,0,0,"N",0.77,0,0,0,0,0,0,"N",0,0,0,0,0,0,0,0,0,0,0,0,0,0
"570",13245,5,"3353",76,0,2015,"A","N",1,0,0,0,0,0,0,"N",0.7,0,0,0,0,0,0,"N",0,0,0,0,0,0,0,0,0,0,0,0,0,0
"571",13245,5,"33531",77,0,2015,"A","N",1,0,0,0,0,0,0,"N",0.7,0,0,0,0,0,0,"N",0,0,0,0,0,0,0,0,0,0,0,0,0,0
"572",13245,5,"335311",78,0,2015,"A","N",1,0,0,0,0,0,0,"N",4.32,0,0,0,0,0,0,"N",0,0,0,0,0,0,0,0,0,0,0,0,0,0
"573",13245,5,"3359",76,0,2015,"A","N",2,0,0,0,0,0,0,"N",1.37,0,0,0,0,0,0,"N",0,0,0,0,0,0,0,0,0,0,0,0,0,0
"574",13245,5,"33591",77,0,2015,"A","N",2,0,0,0,0,0,0,"N",15.07,0,0,0,0,0,0,"N",0,0,0,0,0,0,0,0,0,0,0,0,0,0
"575",13245,5,"335911",78,0,2015,"A","N",2,0,0,0,0,0,0,"N",21.07,0,0,0,0,0,0,"N",0,0,0,0,0,0,0,0,0,0,0,0,0,0
"576",13245,5,"336",75,0,2015,"A",NA,17,971,64419648,11056616,343085,1276,66344,NA,2.35,0.81,0.91,0.9,1.16,1.13,1.13,NA,0,0,94,10.7,9523132,17.3,1602624,17,-41142,-10.7,72,6,3742,6
"577",13245,5,"3362",76,0,2015,"A","N",1,0,0,0,0,0,0,"N",0.98,0,0,0,0,0,0,"N",0,0,0,0,0,0,0,0,0,0,0,0,0,0
"578",13245,5,"33621",77,0,2015,"A","N",1,0,0,0,0,0,0,"N",0.98,0,0,0,0,0,0,"N",0,0,0,0,0,0,0,0,0,0,0,0,0,0
"579",13245,5,"336211",78,0,2015,"A","N",1,0,0,0,0,0,0,"N",2.49,0,0,0,0,0,0,"N",0,0,0,0,0,0,0,0,0,0,0,0,0,0
"580",13245,5,"3363",76,0,2015,"A",NA,3,16,808145,186049,75,952,49478,NA,1.07,0.04,0.04,0.05,0,1.05,1.05,NA,0,0,0,0,-17065,-2.1,19186,11.5,8,11.9,-72,-7,-3761,-7.1
"581",13245,5,"33631",77,0,2015,"A","N",1,0,0,0,0,0,0,"N",2.02,0,0,0,0,0,0,"N",0,0,0,0,0,0,0,0,0,0,0,0,0,0
"582",13245,5,"336310",78,0,2015,"A","N",1,0,0,0,0,0,0,"N",2.02,0,0,0,0,0,0,"N",0,0,0,0,0,0,0,0,0,0,0,0,0,0
"583",13245,5,"33635",77,0,2015,"A","N",2,0,0,0,0,0,0,"N",6.89,0,0,0,0,0,0,"N",0,0,0,0,0,0,0,0,0,0,0,0,0,0
"584",13245,5,"336350",78,0,2015,"A","N",2,0,0,0,0,0,0,"N",6.89,0,0,0,0,0,0,"N",0,0,0,0,0,0,0,0,0,0,0,0,0,0
"585",13245,5,"3364",76,0,2015,"A",NA,11,48,3972399,519171,29119,1589,82615,NA,6.89,0.13,0.14,0.11,0.42,1.04,1.04,NA,0,0,9,23.1,565068,16.6,121680,30.6,8405,40.6,-113,-6.6,-5887,-6.7
"586",13245,5,"33641",77,0,2015,"A",NA,11,48,3972399,519171,29119,1589,82615,NA,6.89,0.13,0.14,0.11,0.42,1.04,1.04,NA,0,0,9,23.1,565068,16.6,121680,30.6,8405,40.6,-113,-6.6,-5887,-6.7
"587",13245,5,"336411",78,0,2015,"A",NA,11,48,3972399,519171,29119,1589,82615,NA,29.67,0.28,0.27,0.19,1,0.97,0.97,NA,0,0,9,23.1,565068,16.6,121680,30.6,8405,40.6,-113,-6.6,-5887,-6.7
"588",13245,5,"3369",76,0,2015,"A","N",2,0,0,0,0,0,0,"N",3.91,0,0,0,0,0,0,"N",0,0,0,0,0,0,0,0,0,0,0,0,0,0
"589",13245,5,"33699",77,0,2015,"A","N",2,0,0,0,0,0,0,"N",3.91,0,0,0,0,0,0,"N",0,0,0,0,0,0,0,0,0,0,0,0,0,0
"590",13245,5,"336999",78,0,2015,"A","N",2,0,0,0,0,0,0,"N",8.42,0,0,0,0,0,0,"N",0,0,0,0,0,0,0,0,0,0,0,0,0,0
"591",13245,5,"337",75,0,2015,"A","N",1,0,0,0,0,0,0,"N",0.11,0,0,0,0,0,0,"N",0,0,0,0,0,0,0,0,0,0,0,0,0,0
"592",13245,5,"3371",76,0,2015,"A","N",1,0,0,0,0,0,0,"N",0.16,0,0,0,0,0,0,"N",0,0,0,0,0,0,0,0,0,0,0,0,0,0
"593",13245,5,"33711",77,0,2015,"A","N",1,0,0,0,0,0,0,"N",0.24,0,0,0,0,0,0,"N",0,0,0,0,0,0,0,0,0,0,0,0,0,0
"594",13245,5,"337110",78,0,2015,"A","N",1,0,0,0,0,0,0,"N",0.24,0,0,0,0,0,0,"N",0,0,0,0,0,0,0,0,0,0,0,0,0,0
"595",13245,5,"339",75,0,2015,"A",NA,11,634,34042303,5833869,141103,1033,53730,NA,0.7,1.44,1.53,1.29,1.44,1.06,1.06,NA,-1,-8.3,-7,-1.1,-512794,-1.5,-145317,-2.4,-24638,-14.9,-3,-0.3,-164,-0.3
"596",13245,5,"3391",76,0,2015,"A","N",6,0,0,0,0,0,0,"N",0.95,0,0,0,0,0,0,"N",-2,-25,0,0,0,0,0,0,0,0,0,0,0,0
"597",13245,5,"33911",77,0,2015,"A","N",6,0,0,0,0,0,0,"N",0.95,0,0,0,0,0,0,"N",-2,-25,0,0,0,0,0,0,0,0,0,0,0,0
"598",13245,5,"339113",78,0,2015,"A","N",3,0,0,0,0,0,0,"N",2.13,0,0,0,0,0,0,"N",0,0,0,0,0,0,0,0,0,0,0,0,0,0
"599",13245,5,"339116",78,0,2015,"A","N",3,0,0,0,0,0,0,"N",0.92,0,0,0,0,0,0,"N",-1,-25,0,0,0,0,0,0,0,0,0,0,0,0
"600",13245,5,"3399",76,0,2015,"A","N",5,0,0,0,0,0,0,"N",0.53,0,0,0,0,0,0,"N",1,25,0,0,0,0,0,0,0,0,0,0,0,0
"601",13245,5,"33995",77,0,2015,"A","N",4,0,0,0,0,0,0,"N",1.2,0,0,0,0,0,0,"N",1,33.3,0,0,0,0,0,0,0,0,0,0,0,0
"602",13245,5,"339950",78,0,2015,"A","N",4,0,0,0,0,0,0,"N",1.2,0,0,0,0,0,0,"N",1,33.3,0,0,0,0,0,0,0,0,0,0,0,0
"603",13245,5,"33999",77,0,2015,"A","N",1,0,0,0,0,0,0,"N",0.3,0,0,0,0,0,0,"N",0,0,0,0,0,0,0,0,0,0,0,0,0,0
"604",13245,5,"339995",78,0,2015,"A","N",1,0,0,0,0,0,0,"N",17.34,0,0,0,0,0,0,"N",0,0,0,0,0,0,0,0,0,0,0,0,0,0
"605",13245,5,"42",74,0,2015,"A",NA,196,2882,162541481,31920525,653306,1085,56399,NA,0.64,0.65,0.61,0.7,0.69,0.94,0.94,NA,7,3.7,241,9.1,13310058,8.9,1789365,5.9,84745,14.9,-2,-0.2,-107,-0.2
"606",13245,5,"423",75,0,2015,"A",NA,113,1386,75420960,15575563,445590,1047,54433,NA,0.9,0.63,0.58,0.69,0.94,0.93,0.93,NA,8,7.6,136,10.9,10113387,15.5,722402,4.9,74138,20,42,4.2,2180,4.2
"607",13245,5,"4231",76,0,2015,"A",NA,10,107,5675274,1062977,18160,1020,53040,NA,0.87,0.43,0.5,0.43,0.39,1.17,1.17,NA,-2,-16.7,0,0,913212,19.2,-50664,-4.5,-7430,-29,166,19.4,8638,19.5
"608",13245,5,"42311",77,0,2015,"A","N",2,0,0,0,0,0,0,"N",0.69,0,0,0,0,0,0,"N",-1,-33.3,0,0,0,0,0,0,0,0,0,0,0,0
"609",13245,5,"423110",78,0,2015,"A","N",2,0,0,0,0,0,0,"N",0.69,0,0,0,0,0,0,"N",-1,-33.3,0,0,0,0,0,0,0,0,0,0,0,0
"610",13245,5,"42312",77,0,2015,"A",NA,6,56,3202220,593794,10852,1098,57098,NA,0.94,0.45,0.6,0.5,0.44,1.32,1.32,NA,0,0,-2,-3.4,602020,23.2,-97466,-14.1,-5463,-33.5,236,27.4,12267,27.4
"611",13245,5,"423120",78,0,2015,"A",NA,6,56,3202220,593794,10852,1098,57098,NA,0.94,0.45,0.6,0.5,0.44,1.32,1.32,NA,0,0,-2,-3.4,602020,23.2,-97466,-14.1,-5463,-33.5,236,27.4,12267,27.4
"612",13245,5,"42313",77,0,2015,"A","N",1,0,0,0,0,0,0,"N",1.01,0,0,0,0,0,0,"N",-1,-50,0,0,0,0,0,0,0,0,0,0,0,0
"613",13245,5,"423130",78,0,2015,"A","N",1,0,0,0,0,0,0,"N",1.01,0,0,0,0,0,0,"N",-1,-50,0,0,0,0,0,0,0,0,0,0,0,0
"614",13245,5,"42314",77,0,2015,"A","N",1,0,0,0,0,0,0,"N",0.85,0,0,0,0,0,0,"N",0,0,0,0,0,0,0,0,0,0,0,0,0,0
"615",13245,5,"423140",78,0,2015,"A","N",1,0,0,0,0,0,0,"N",0.85,0,0,0,0,0,0,"N",0,0,0,0,0,0,0,0,0,0,0,0,0,0
"616",13245,5,"4232",76,0,2015,"A","N",1,0,0,0,0,0,0,"N",0.2,0,0,0,0,0,0,"N",0,0,0,0,0,0,0,0,0,0,0,0,0,0
"617",13245,5,"42321",77,0,2015,"A","N",1,0,0,0,0,0,0,"N",0.45,0,0,0,0,0,0,"N",0,0,0,0,0,0,0,0,0,0,0,0,0,0
"618",13245,5,"423210",78,0,2015,"A","N",1,0,0,0,0,0,0,"N",0.45,0,0,0,0,0,0,"N",0,0,0,0,0,0,0,0,0,0,0,0,0,0
"619",13245,5,"4233",76,0,2015,"A",NA,12,71,4345049,719243,16162,1178,61270,NA,1.31,0.45,0.58,0.43,0.39,1.28,1.28,NA,0,0,-1,-1.4,106653,2.5,-44099,-5.8,-4824,-23,47,4.2,2471,4.2
"620",13245,5,"42331",77,0,2015,"A",NA,6,51,3494451,513943,10931,1320,68631,NA,1.66,0.68,0.97,0.63,0.62,1.42,1.42,NA,0,0,-2,-3.8,94142,2.8,-34823,-6.3,-1905,-14.8,84,6.8,4373,6.8
"621",13245,5,"423310",78,0,2015,"A",NA,6,51,3494451,513943,10931,1320,68631,NA,1.66,0.68,0.97,0.63,0.62,1.42,1.42,NA,0,0,-2,-3.8,94142,2.8,-34823,-6.3,-1905,-14.8,84,6.8,4373,6.8
"622",13245,5,"42332",77,0,2015,"A","N",3,0,0,0,0,0,0,"N",1.11,0,0,0,0,0,0,"N",0,0,0,0,0,0,0,0,0,0,0,0,0,0
"623",13245,5,"423320",78,0,2015,"A","N",3,0,0,0,0,0,0,"N",1.11,0,0,0,0,0,0,"N",0,0,0,0,0,0,0,0,0,0,0,0,0,0
"624",13245,5,"42333",77,0,2015,"A","N",2,0,0,0,0,0,0,"N",1.43,0,0,0,0,0,0,"N",0,0,0,0,0,0,0,0,0,0,0,0,0,0
"625",13245,5,"423330",78,0,2015,"A","N",2,0,0,0,0,0,0,"N",1.43,0,0,0,0,0,0,"N",0,0,0,0,0,0,0,0,0,0,0,0,0,0
"626",13245,5,"42339",77,0,2015,"A","N",1,0,0,0,0,0,0,"N",0.71,0,0,0,0,0,0,"N",0,0,0,0,0,0,0,0,0,0,0,0,0,0
"627",13245,5,"423390",78,0,2015,"A","N",1,0,0,0,0,0,0,"N",0.71,0,0,0,0,0,0,"N",0,0,0,0,0,0,0,0,0,0,0,0,0,0
"628",13245,5,"4234",76,0,2015,"A",NA,16,226,9317351,2082373,142094,792,41197,NA,0.69,0.49,0.25,0.43,1.29,0.52,0.52,NA,6,60,175,343.1,6753012,263.3,1418045,213.5,120132,547,-178,-18.4,-9249,-18.3
"629",13245,5,"42342",77,0,2015,"A","N",1,0,0,0,0,0,0,"N",0.37,0,0,0,0,0,0,"N",-1,-50,0,0,0,0,0,0,0,0,0,0,0,0
"630",13245,5,"423420",78,0,2015,"A","N",1,0,0,0,0,0,0,"N",0.37,0,0,0,0,0,0,"N",-1,-50,0,0,0,0,0,0,0,0,0,0,0,0
"631",13245,5,"42343",77,0,2015,"A","N",6,0,0,0,0,0,0,"N",1.03,0,0,0,0,0,0,"N",4,200,0,0,0,0,0,0,0,0,0,0,0,0
"632",13245,5,"423430",78,0,2015,"A","N",6,0,0,0,0,0,0,"N",1.03,0,0,0,0,0,0,"N",4,200,0,0,0,0,0,0,0,0,0,0,0,0
"633",13245,5,"42344",77,0,2015,"A","N",2,0,0,0,0,0,0,"N",0.77,0,0,0,0,0,0,"N",1,100,0,0,0,0,0,0,0,0,0,0,0,0
"634",13245,5,"423440",78,0,2015,"A","N",2,0,0,0,0,0,0,"N",0.77,0,0,0,0,0,0,"N",1,100,0,0,0,0,0,0,0,0,0,0,0,0
"635",13245,5,"42345",77,0,2015,"A",NA,7,28,1424379,365083,12996,972,50570,NA,0.75,0.19,0.13,0.24,0.39,0.65,0.65,NA,2,40,-7,-20,-149337,-9.5,-115754,-24.1,-6219,-32.4,117,13.7,6136,13.8
"636",13245,5,"423450",78,0,2015,"A",NA,7,28,1424379,365083,12996,972,50570,NA,0.75,0.19,0.13,0.24,0.39,0.65,0.65,NA,2,40,-7,-20,-149337,-9.5,-115754,-24.1,-6219,-32.4,117,13.7,6136,13.8
"637",13245,5,"42349",77,0,2015,"A","N",1,0,0,0,0,0,0,"N",0.67,0,0,0,0,0,0,"N",0,0,0,0,0,0,0,0,0,0,0,0,0,0
"638",13245,5,"423490",78,0,2015,"A","N",1,0,0,0,0,0,0,"N",0.67,0,0,0,0,0,0,"N",0,0,0,0,0,0,0,0,0,0,0,0,0,0
"639",13245,5,"4235",76,0,2015,"A","N",1,0,0,0,0,0,0,"N",0.24,0,0,0,0,0,0,"N",0,0,0,0,0,0,0,0,0,0,0,0,0,0
"640",13245,5,"42351",77,0,2015,"A","N",1,0,0,0,0,0,0,"N",0.25,0,0,0,0,0,0,"N",0,0,0,0,0,0,0,0,0,0,0,0,0,0
"641",13245,5,"423510",78,0,2015,"A","N",1,0,0,0,0,0,0,"N",0.25,0,0,0,0,0,0,"N",0,0,0,0,0,0,0,0,0,0,0,0,0,0
"642",13245,5,"4236",76,0,2015,"A",NA,10,114,6311657,1159545,22224,1065,55406,NA,0.71,0.47,0.38,0.46,0.42,0.81,0.81,NA,1,11.1,3,2.7,675960,12,85760,8,-5943,-21.1,88,9,4596,9
"643",13245,5,"42361",77,0,2015,"A",NA,7,87,5076662,887200,21396,1124,58464,NA,1.05,0.73,0.69,0.73,0.89,0.94,0.94,"N",0,0,0,0,0,0,0,0,0,0,0,0,0,0
"644",13245,5,"423610",78,0,2015,"A",NA,7,87,5076662,887200,21396,1124,58464,NA,1.05,0.73,0.69,0.73,0.89,0.94,0.94,"N",0,0,0,0,0,0,0,0,0,0,0,0,0,0
"645",13245,5,"42362",77,0,2015,"A","N",3,0,0,0,0,0,0,"N",2.1,0,0,0,0,0,0,"N",1,50,0,0,0,0,0,0,0,0,0,0,0,0
"646",13245,5,"423620",78,0,2015,"A","N",3,0,0,0,0,0,0,"N",2.1,0,0,0,0,0,0,"N",1,50,0,0,0,0,0,0,0,0,0,0,0,0
"647",13245,5,"42369",77,0,2015,"A","N",0,0,0,0,0,0,0,"N",0,0,0,0,0,0,0,"N",0,0,0,0,0,0,0,0,0,0,0,0,0,0
"648",13245,5,"423690",78,0,2015,"A","N",0,0,0,0,0,0,0,"N",0,0,0,0,0,0,0,"N",0,0,0,0,0,0,0,0,0,0,0,0,0,0
"649",13245,5,"4237",76,0,2015,"A",NA,18,202,10883802,2126982,40530,1037,53902,NA,1.73,1.11,1.14,1.16,1.1,1.02,1.02,NA,0,0,10,5.2,346542,3.3,55843,2.7,-4794,-10.6,-17,-1.6,-908,-1.7
"650",13245,5,"42371",77,0,2015,"A",NA,3,22,1472857,235086,2625,1278,66445,NA,0.93,0.37,0.5,0.39,0.22,1.36,1.36,NA,0,0,-2,-8.3,-313501,-17.5,1584,0.7,-1502,-36.4,-153,-10.7,-7987,-10.7
"651",13245,5,"423710",78,0,2015,"A",NA,3,22,1472857,235086,2625,1278,66445,NA,0.93,0.37,0.5,0.39,0.22,1.36,1.36,NA,0,0,-2,-8.3,-313501,-17.5,1584,0.7,-1502,-36.4,-153,-10.7,-7987,-10.7
"652",13245,5,"42372",77,0,2015,"A",NA,10,151,8097467,1610352,28489,1029,53507,NA,2.48,2.21,2.3,2.3,2.08,1.04,1.04,NA,1,11.1,16,11.9,759180,10.3,70357,4.6,-702,-2.4,-20,-1.9,-1019,-1.9
"653",13245,5,"423720",78,0,2015,"A",NA,10,151,8097467,1610352,28489,1029,53507,NA,2.48,2.21,2.3,2.3,2.08,1.04,1.04,NA,1,11.1,16,11.9,759180,10.3,70357,4.6,-702,-2.4,-20,-1.9,-1019,-1.9
"654",13245,5,"42373",77,0,2015,"A",NA,5,28,1313478,281544,9416,889,46222,NA,1.97,0.63,0.49,0.64,1,0.77,0.77,NA,-1,-16.7,-6,-17.6,-99137,-7,-16098,-5.4,-2590,-21.6,82,10.2,4263,10.2
"655",13245,5,"423730",78,0,2015,"A",NA,5,28,1313478,281544,9416,889,46222,NA,1.97,0.63,0.49,0.64,1,0.77,0.77,NA,-1,-16.7,-6,-17.6,-99137,-7,-16098,-5.4,-2590,-21.6,82,10.2,4263,10.2
"656",13245,5,"4238",76,0,2015,"A",NA,34,478,32573306,6324499,137179,1312,68204,NA,1.13,0.94,1.16,1.18,1.43,1.24,1.24,NA,1,3,-1,-0.2,2335861,7.7,215063,3.5,-4609,-3.3,97,8,5034,8
"657",13245,5,"42381",77,0,2015,"A",NA,4,122,7344509,1250296,28078,1158,60201,NA,1.64,1.89,1.95,1.71,2.23,1.03,1.03,NA,0,0,7,6.1,1505165,25.8,117277,10.4,-2222,-7.3,184,18.9,9571,18.9
"658",13245,5,"423810",78,0,2015,"A",NA,4,122,7344509,1250296,28078,1158,60201,NA,1.64,1.89,1.95,1.71,2.23,1.03,1.03,NA,0,0,7,6.1,1505165,25.8,117277,10.4,-2222,-7.3,184,18.9,9571,18.9
"659",13245,5,"42382",77,0,2015,"A","N",2,0,0,0,0,0,0,"N",0.49,0,0,0,0,0,0,"N",0,0,0,0,0,0,0,0,0,0,0,0,0,0
"660",13245,5,"423820",78,0,2015,"A","N",2,0,0,0,0,0,0,"N",0.49,0,0,0,0,0,0,"N",0,0,0,0,0,0,0,0,0,0,0,0,0,0
"661",13245,5,"42383",77,0,2015,"A",NA,9,174,16910364,3186979,65228,1865,97000,NA,0.63,0.74,1.22,1.31,1.43,1.64,1.64,NA,2,28.6,3,1.8,1253836,8,137521,4.5,8256,14.5,105,6,5486,6
"662",13245,5,"423830",78,0,2015,"A",NA,9,174,16910364,3186979,65228,1865,97000,NA,0.63,0.74,1.22,1.31,1.43,1.64,1.64,NA,2,28.6,3,1.8,1253836,8,137521,4.5,8256,14.5,105,6,5486,6
"663",13245,5,"42384",77,0,2015,"A",NA,13,119,6180847,1240815,35956,999,51940,NA,2.67,1.78,1.66,1.78,2.72,0.93,0.93,NA,0,0,-15,-11.2,-558895,-8.3,-15791,-1.3,-6590,-15.5,29,3,1518,3
"664",13245,5,"423840",78,0,2015,"A",NA,13,119,6180847,1240815,35956,999,51940,NA,2.67,1.78,1.66,1.78,2.72,0.93,0.93,NA,0,0,-15,-11.2,-558895,-8.3,-15791,-1.3,-6590,-15.5,29,3,1518,3
"665",13245,5,"42385",77,0,2015,"A","N",6,0,0,0,0,0,0,"N",2.03,0,0,0,0,0,0,"N",0,0,0,0,0,0,0,0,0,0,0,0,0,0
"666",13245,5,"423850",78,0,2015,"A","N",6,0,0,0,0,0,0,"N",2.03,0,0,0,0,0,0,"N",0,0,0,0,0,0,0,0,0,0,0,0,0,0
"667",13245,5,"4239",76,0,2015,"A",NA,10,168,5102642,1872538,60088,585,30418,NA,0.57,0.76,0.52,0.84,1.21,0.69,0.69,NA,0,0,-51,-23.3,-1168366,-18.6,-973490,-34.2,-18142,-23.2,33,6,1740,6.1
"668",13245,5,"42391",77,0,2015,"A","N",3,0,0,0,0,0,0,"N",1.07,0,0,0,0,0,0,"N",-1,-25,0,0,0,0,0,0,0,0,0,0,0,0
"669",13245,5,"423910",78,0,2015,"A","N",3,0,0,0,0,0,0,"N",1.07,0,0,0,0,0,0,"N",-1,-25,0,0,0,0,0,0,0,0,0,0,0,0
"670",13245,5,"42393",77,0,2015,"A",NA,5,45,2277157,512819,20042,982,51076,NA,1.13,0.56,0.74,0.64,1.09,1.34,1.34,NA,0,0,-4,-8.2,-306027,-11.8,-44078,-7.9,4560,29.5,-32,-3.2,-1642,-3.1
"671",13245,5,"423930",78,0,2015,"A",NA,5,45,2277157,512819,20042,982,51076,NA,1.13,0.56,0.74,0.64,1.09,1.34,1.34,NA,0,0,-4,-8.2,-306027,-11.8,-44078,-7.9,4560,29.5,-32,-3.2,-1642,-3.1
"672",13245,5,"42399",77,0,2015,"A","N",2,0,0,0,0,0,0,"N",0.37,0,0,0,0,0,0,"N",1,100,0,0,0,0,0,0,0,0,0,0,0,0
"673",13245,5,"423990",78,0,2015,"A","N",2,0,0,0,0,0,0,"N",0.37,0,0,0,0,0,0,"N",1,100,0,0,0,0,0,0,0,0,0,0,0,0
"674",13245,5,"424",75,0,2015,"A",NA,41,1265,72216950,13567385,170966,1098,57104,NA,0.6,0.83,0.89,0.86,0.53,1.07,1.07,NA,1,2.5,117,10.2,2696014,3.9,1190941,9.6,15285,9.8,-67,-5.8,-3476,-5.7
"675",13245,5,"4241",76,0,2015,"A",NA,4,30,2220262,401704,5981,1408,73195,NA,0.9,0.33,0.48,0.45,0.31,1.42,1.42,NA,0,0,-2,-6.2,42159,1.9,-16115,-3.9,1676,38.9,106,8.1,5482,8.1
"676",13245,5,"42411",77,0,2015,"A","N",1,0,0,0,0,0,0,"N",2.12,0,0,0,0,0,0,"N",1,100,0,0,0,0,0,0,0,0,0,0,0,0
"677",13245,5,"424110",78,0,2015,"A","N",1,0,0,0,0,0,0,"N",2.12,0,0,0,0,0,0,"N",1,100,0,0,0,0,0,0,0,0,0,0,0,0
"678",13245,5,"42412",77,0,2015,"A","N",1,0,0,0,0,0,0,"N",0.51,0,0,0,0,0,0,"N",0,0,0,0,0,0,0,0,0,0,0,0,0,0
"679",13245,5,"424120",78,0,2015,"A","N",1,0,0,0,0,0,0,"N",0.51,0,0,0,0,0,0,"N",0,0,0,0,0,0,0,0,0,0,0,0,0,0
"680",13245,5,"42413",77,0,2015,"A","N",2,0,0,0,0,0,0,"N",1,0,0,0,0,0,0,"N",-1,-33.3,0,0,0,0,0,0,0,0,0,0,0,0
"681",13245,5,"424130",78,0,2015,"A","N",2,0,0,0,0,0,0,"N",1,0,0,0,0,0,0,"N",-1,-33.3,0,0,0,0,0,0,0,0,0,0,0,0
"682",13245,5,"4242",76,0,2015,"A","N",8,0,0,0,0,0,0,"N",1.27,0,0,0,0,0,0,"N",1,14.3,0,0,0,0,0,0,0,0,0,0,0,0
"683",13245,5,"42421",77,0,2015,"A","N",8,0,0,0,0,0,0,"N",1.27,0,0,0,0,0,0,"N",1,14.3,0,0,0,0,0,0,0,0,0,0,0,0
"684",13245,5,"424210",78,0,2015,"A","N",8,0,0,0,0,0,0,"N",1.27,0,0,0,0,0,0,"N",1,14.3,0,0,0,0,0,0,0,0,0,0,0,0
"685",13245,5,"4243",76,0,2015,"A","N",2,0,0,0,0,0,0,"N",0.29,0,0,0,0,0,0,"N",0,0,0,0,0,0,0,0,0,0,0,0,0,0
"686",13245,5,"42431",77,0,2015,"A","N",1,0,0,0,0,0,0,"N",0.61,0,0,0,0,0,0,"N",0,0,0,0,0,0,0,0,0,0,0,0,0,0
"687",13245,5,"424310",78,0,2015,"A","N",1,0,0,0,0,0,0,"N",0.61,0,0,0,0,0,0,"N",0,0,0,0,0,0,0,0,0,0,0,0,0,0
"688",13245,5,"42432",77,0,2015,"A","N",1,0,0,0,0,0,0,"N",0.89,0,0,0,0,0,0,"N",0,0,0,0,0,0,0,0,0,0,0,0,0,0
"689",13245,5,"424320",78,0,2015,"A","N",1,0,0,0,0,0,0,"N",0.89,0,0,0,0,0,0,"N",0,0,0,0,0,0,0,0,0,0,0,0,0,0
"690",13245,5,"4244",76,0,2015,"A",NA,8,512,24608093,5610152,66697,925,48078,NA,0.44,0.92,0.96,0.97,0.57,1.04,1.04,NA,1,14.3,40,8.5,2115052,9.4,473166,9.2,-9288,-12.2,9,1,465,1
"691",13245,5,"42441",77,0,2015,"A","N",1,0,0,0,0,0,0,"N",0.34,0,0,0,0,0,0,"N",0,0,0,0,0,0,0,0,0,0,0,0,0,0
"692",13245,5,"424410",78,0,2015,"A","N",1,0,0,0,0,0,0,"N",0.34,0,0,0,0,0,0,"N",0,0,0,0,0,0,0,0,0,0,0,0,0,0
"693",13245,5,"42442",77,0,2015,"A","N",1,0,0,0,0,0,0,"N",1.11,0,0,0,0,0,0,"N",1,100,0,0,0,0,0,0,0,0,0,0,0,0
"694",13245,5,"424420",78,0,2015,"A","N",1,0,0,0,0,0,0,"N",1.11,0,0,0,0,0,0,"N",1,100,0,0,0,0,0,0,0,0,0,0,0,0
"695",13245,5,"42443",77,0,2015,"A","N",1,0,0,0,0,0,0,"N",0.87,0,0,0,0,0,0,"N",0,0,0,0,0,0,0,0,0,0,0,0,0,0
"696",13245,5,"424430",78,0,2015,"A","N",1,0,0,0,0,0,0,"N",0.87,0,0,0,0,0,0,"N",0,0,0,0,0,0,0,0,0,0,0,0,0,0
"697",13245,5,"42445",77,0,2015,"A","N",1,0,0,0,0,0,0,"N",0.61,0,0,0,0,0,0,"N",0,0,0,0,0,0,0,0,0,0,0,0,0,0
"698",13245,5,"424450",78,0,2015,"A","N",1,0,0,0,0,0,0,"N",0.61,0,0,0,0,0,0,"N",0,0,0,0,0,0,0,0,0,0,0,0,0,0
"699",13245,5,"42448",77,0,2015,"A","N",1,0,0,0,0,0,0,"N",0.46,0,0,0,0,0,0,"N",0,0,0,0,0,0,0,0,0,0,0,0,0,0
"700",13245,5,"424480",78,0,2015,"A","N",1,0,0,0,0,0,0,"N",0.46,0,0,0,0,0,0,"N",0,0,0,0,0,0,0,0,0,0,0,0,0,0
"701",13245,5,"42449",77,0,2015,"A","N",3,0,0,0,0,0,0,"N",0.45,0,0,0,0,0,0,"N",0,0,0,0,0,0,0,0,0,0,0,0,0,0
"702",13245,5,"424490",78,0,2015,"A","N",3,0,0,0,0,0,0,"N",0.45,0,0,0,0,0,0,"N",0,0,0,0,0,0,0,0,0,0,0,0,0,0
"703",13245,5,"4246",76,0,2015,"A",NA,6,181,9773787,1967219,41878,1039,54024,NA,0.93,1.88,1.53,2.02,2.17,0.82,0.82,NA,-2,-25,62,52.1,2168735,28.5,441721,29,20294,94,-193,-15.7,-10064,-15.7
"704",13245,5,"42469",77,0,2015,"A",NA,6,181,9773787,1967219,41878,1039,54024,NA,1.15,2.25,1.8,2.42,2.64,0.8,0.8,NA,-2,-25,62,52.1,2168735,28.5,441721,29,20294,94,-193,-15.7,-10064,-15.7
"705",13245,5,"424690",78,0,2015,"A",NA,6,181,9773787,1967219,41878,1039,54024,NA,1.15,2.25,1.8,2.42,2.64,0.8,0.8,NA,-2,-25,62,52.1,2168735,28.5,441721,29,20294,94,-193,-15.7,-10064,-15.7
"706",13245,5,"4247",76,0,2015,"A","N",1,0,0,0,0,0,0,"N",0.26,0,0,0,0,0,0,"N",-1,-50,0,0,0,0,0,0,0,0,0,0,0,0
"707",13245,5,"42472",77,0,2015,"A","N",1,0,0,0,0,0,0,"N",0.4,0,0,0,0,0,0,"N",-1,-50,0,0,0,0,0,0,0,0,0,0,0,0
"708",13245,5,"424720",78,0,2015,"A","N",1,0,0,0,0,0,0,"N",0.4,0,0,0,0,0,0,"N",-1,-50,0,0,0,0,0,0,0,0,0,0,0,0
"709",13245,5,"4248",76,0,2015,"A",NA,7,148,5990579,1522510,21907,780,40545,NA,2.39,1.05,0.79,1.04,0.9,0.76,0.76,NA,2,40,13,9.6,981696,19.6,54878,3.7,-2004,-8.4,69,9.7,3556,9.6
"710",13245,5,"42481",77,0,2015,"A","N",2,0,0,0,0,0,0,"N",1.78,0,0,0,0,0,0,"N",0,0,0,0,0,0,0,0,0,0,0,0,0,0
"711",13245,5,"424810",78,0,2015,"A","N",2,0,0,0,0,0,0,"N",1.78,0,0,0,0,0,0,"N",0,0,0,0,0,0,0,0,0,0,0,0,0,0
"712",13245,5,"42482",77,0,2015,"A","N",5,0,0,0,0,0,0,"N",2.76,0,0,0,0,0,0,"N",2,66.7,0,0,0,0,0,0,0,0,0,0,0,0
"713",13245,5,"424820",78,0,2015,"A","N",5,0,0,0,0,0,0,"N",2.76,0,0,0,0,0,0,"N",2,66.7,0,0,0,0,0,0,0,0,0,0,0,0
"714",13245,5,"4249",76,0,2015,"A",NA,6,100,3307033,1036130,11896,637,33126,NA,0.37,0.41,0.32,0.41,0.23,0.79,0.79,NA,1,20,-5,-4.8,250786,8.2,21808,2.2,-1201,-9.2,76,13.5,3973,13.6
"715",13245,5,"42493",77,0,2015,"A","N",2,0,0,0,0,0,0,"N",1.2,0,0,0,0,0,0,"N",0,0,0,0,0,0,0,0,0,0,0,0,0,0
"716",13245,5,"424930",78,0,2015,"A","N",2,0,0,0,0,0,0,"N",1.2,0,0,0,0,0,0,"N",0,0,0,0,0,0,0,0,0,0,0,0,0,0
"717",13245,5,"42494",77,0,2015,"A","N",1,0,0,0,0,0,0,"N",1.39,0,0,0,0,0,0,"N",0,0,0,0,0,0,0,0,0,0,0,0,0,0
"718",13245,5,"424940",78,0,2015,"A","N",1,0,0,0,0,0,0,"N",1.39,0,0,0,0,0,0,"N",0,0,0,0,0,0,0,0,0,0,0,0,0,0
"719",13245,5,"42495",77,0,2015,"A","N",1,0,0,0,0,0,0,"N",0.93,0,0,0,0,0,0,"N",0,0,0,0,0,0,0,0,0,0,0,0,0,0
"720",13245,5,"424950",78,0,2015,"A","N",1,0,0,0,0,0,0,"N",0.93,0,0,0,0,0,0,"N",0,0,0,0,0,0,0,0,0,0,0,0,0,0
"721",13245,5,"42499",77,0,2015,"A","N",2,0,0,0,0,0,0,"N",0.32,0,0,0,0,0,0,"N",1,100,0,0,0,0,0,0,0,0,0,0,0,0
"722",13245,5,"424990",78,0,2015,"A","N",2,0,0,0,0,0,0,"N",0.32,0,0,0,0,0,0,"N",1,100,0,0,0,0,0,0,0,0,0,0,0,0
"723",13245,5,"425",75,0,2015,"A",NA,42,232,14903571,2777577,36750,1237,64309,NA,0.37,0.34,0.28,0.37,0.23,0.82,0.82,NA,-2,-4.5,-12,-4.9,500657,3.5,-123978,-4.3,-4678,-11.3,100,8.8,5180,8.8
"724",13245,5,"4251",76,0,2015,"A",NA,42,232,14903571,2777577,36750,1237,64309,NA,0.37,0.34,0.28,0.37,0.23,0.82,0.82,NA,-2,-4.5,-12,-4.9,500657,3.5,-123978,-4.3,-4678,-11.3,100,8.8,5180,8.8
"725",13245,5,"42511",77,0,2015,"A",NA,4,17,971587,206452,2594,1127,58588,NA,2.05,0.65,0.57,0.81,0.44,0.89,0.89,NA,0,0,-1,-5.6,12177,1.3,-2091,-1,17,0.7,88,8.5,4537,8.4
"726",13245,5,"425110",78,0,2015,"A",NA,4,17,971587,206452,2594,1127,58588,NA,2.05,0.65,0.57,0.81,0.44,0.89,0.89,NA,0,0,-1,-5.6,12177,1.3,-2091,-1,17,0.7,88,8.5,4537,8.4
"727",13245,5,"42512",77,0,2015,"A",NA,39,215,13931984,2571125,34156,1245,64750,NA,0.35,0.33,0.27,0.36,0.22,0.82,0.82,NA,-1,-2.5,-11,-4.9,488480,3.6,-121887,-4.5,-4695,-12.1,100,8.7,5222,8.8
"728",13245,5,"425120",78,0,2015,"A",NA,39,215,13931984,2571125,34156,1245,64750,NA,0.35,0.33,0.27,0.36,0.22,0.82,0.82,NA,-1,-2.5,-11,-4.9,488480,3.6,-121887,-4.5,-4695,-12.1,100,8.7,5222,8.8
"729",13245,5,"44-45",74,0,2015,"A",NA,785,11293,283107411,107343322,1508406,482,25070,NA,1.52,0.96,0.99,1.12,0.93,1.03,1.03,NA,4,0.5,296,2.7,14897973,5.6,6351752,6.3,-110403,-6.8,13,2.8,680,2.8
"730",13245,5,"441",75,0,2015,"A",NA,87,1342,56286935,15893822,316102,807,41953,NA,1.51,0.93,0.99,1.1,1.09,1.07,1.07,NA,0,0,-12,-0.9,3535476,6.7,759723,5,-16428,-4.9,58,7.7,2993,7.7
"731",13245,5,"4411",76,0,2015,"A",NA,40,867,41725380,10884728,247999,926,48154,NA,1.77,0.93,0.99,1.14,1.23,1.07,1.07,NA,2,5.3,25,3,3847060,10.2,824508,8.2,-11130,-4.3,61,7.1,3155,7
"732",13245,5,"44111",77,0,2015,"A",NA,12,684,35203053,8811762,197524,990,51460,NA,1.2,0.84,0.93,1.04,1.1,1.11,1.11,NA,0,0,14,2.1,3059113,9.5,604861,7.4,-14937,-7,68,7.4,3508,7.3
"733",13245,5,"441110",78,0,2015,"A",NA,12,684,35203053,8811762,197524,990,51460,NA,1.2,0.84,0.93,1.04,1.1,1.11,1.11,NA,0,0,14,2.1,3059113,9.5,604861,7.4,-14937,-7,68,7.4,3508,7.3
"734",13245,5,"44112",77,0,2015,"A",NA,29,182,6522327,2072966,50475,688,35755,NA,2.29,1.58,1.62,1.79,2.14,1.03,1.03,NA,3,11.5,11,6.4,787947,13.7,219647,11.9,3807,8.2,45,7,2302,6.9
"735",13245,5,"441120",78,0,2015,"A",NA,29,182,6522327,2072966,50475,688,35755,NA,2.29,1.58,1.62,1.79,2.14,1.03,1.03,NA,3,11.5,11,6.4,787947,13.7,219647,11.9,3807,8.2,45,7,2302,6.9
"736",13245,5,"4412",76,0,2015,"A",NA,4,26,1023402,350705,6846,772,40133,NA,0.57,0.24,0.26,0.31,0.25,1.12,1.12,NA,0,0,0,0,39312,4,91392,35.2,2779,68.3,32,4.3,1667,4.3
"737",13245,5,"44122",77,0,2015,"A",NA,4,26,1023402,350705,6846,772,40133,NA,0.69,0.32,0.38,0.43,0.35,1.19,1.19,NA,0,0,0,0,39312,4,91392,35.2,2779,68.3,32,4.3,1667,4.3
"738",13245,5,"441222",78,0,2015,"A","N",1,0,0,0,0,0,0,"N",0.44,0,0,0,0,0,0,"N",0,0,0,0,0,0,0,0,0,0,0,0,0,0
"739",13245,5,"441228",78,0,2015,"A","N",3,0,0,0,0,0,0,"N",0.84,0,0,0,0,0,0,"N",0,0,0,0,0,0,0,0,0,0,0,0,0,0
"740",13245,5,"4413",76,0,2015,"A",NA,43,450,13538153,4658389,61257,579,30107,NA,1.54,1.1,1.23,1.26,1.03,1.11,1.11,NA,-2,-4.4,-37,-7.6,-350896,-2.5,-156177,-3.2,-8077,-11.6,30,5.5,1568,5.5
"741",13245,5,"44131",77,0,2015,"A",NA,19,215,4718660,2026461,28317,422,21922,NA,1.05,0.79,0.72,0.87,0.78,0.91,0.91,NA,0,0,-18,-7.7,-301093,-6,-119776,-5.6,-2152,-7.1,8,1.9,416,1.9
"742",13245,5,"441310",78,0,2015,"A",NA,19,215,4718660,2026461,28317,422,21922,NA,1.05,0.79,0.72,0.87,0.78,0.91,0.91,NA,0,0,-18,-7.7,-301093,-6,-119776,-5.6,-2152,-7.1,8,1.9,416,1.9
"743",13245,5,"44132",77,0,2015,"A",NA,24,234,8819493,2631928,32940,724,37623,NA,2.44,1.74,1.99,1.94,1.42,1.14,1.14,NA,-2,-7.7,-19,-7.5,-49803,-0.6,-36401,-1.4,-5925,-15.2,51,7.6,2601,7.4
"744",13245,5,"441320",78,0,2015,"A",NA,24,234,8819493,2631928,32940,724,37623,NA,2.44,1.74,1.99,1.94,1.42,1.14,1.14,NA,-2,-7.7,-19,-7.5,-49803,-0.6,-36401,-1.4,-5925,-15.2,51,7.6,2601,7.4
"745",13245,5,"442",75,0,2015,"A",NA,40,627,15746330,6171669,103503,483,25120,NA,1.69,1.79,1.59,2.03,1.73,0.89,0.89,NA,0,0,30,5,774726,5.2,537495,9.5,3206,3.2,1,0.2,31,0.1
"746",13245,5,"4421",76,0,2015,"A",NA,23,243,7993844,2708891,51022,634,32964,NA,2.1,1.48,1.48,1.71,1.56,1,1,NA,0,0,-10,-4,3010,0,428,0,-5754,-10.1,26,4.3,1369,4.3
"747",13245,5,"44211",77,0,2015,"A",NA,23,243,7993844,2708891,51022,634,32964,NA,2.1,1.48,1.48,1.71,1.56,1,1,NA,0,0,-10,-4,3010,0,428,0,-5754,-10.1,26,4.3,1369,4.3
"748",13245,5,"442110",78,0,2015,"A",NA,23,243,7993844,2708891,51022,634,32964,NA,2.1,1.48,1.48,1.71,1.56,1,1,NA,0,0,-10,-4,3010,0,428,0,-5754,-10.1,26,4.3,1369,4.3
"749",13245,5,"4422",76,0,2015,"A",NA,17,384,7752486,3462778,52481,388,20171,NA,1.33,2.07,1.72,2.37,1.93,0.83,0.83,NA,0,0,40,11.6,771716,11.1,537067,18.4,8960,20.6,-2,-0.5,-132,-0.7
"750",13245,5,"44221",77,0,2015,"A",NA,5,49,2227367,522000,7722,882,45846,NA,0.97,0.94,1.13,0.99,0.67,1.21,1.21,NA,-1,-16.7,2,4.3,283229,14.6,19760,3.9,1899,32.6,94,11.9,4845,11.8
"751",13245,5,"442210",78,0,2015,"A",NA,5,49,2227367,522000,7722,882,45846,NA,0.97,0.94,1.13,0.99,0.67,1.21,1.21,NA,-1,-16.7,2,4.3,283229,14.6,19760,3.9,1899,32.6,94,11.9,4845,11.8
"752",13245,5,"44229",77,0,2015,"A",NA,12,336,5525119,2940778,44759,316,16456,NA,1.57,2.52,2.17,3.16,2.84,0.86,0.86,NA,0,0,40,13.5,488487,9.7,517307,21.3,7061,18.7,-11,-3.4,-536,-3.2
"753",13245,5,"442299",78,0,2015,"A",NA,12,336,5525119,2940778,44759,316,16456,NA,1.84,2.65,2.37,3.39,3.1,0.89,0.89,NA,0,0,40,13.5,488487,9.7,517307,21.3,7061,18.7,-11,-3.4,-536,-3.2
"754",13245,5,"443",75,0,2015,"A",NA,33,328,10154042,3206834,62036,595,30950,NA,1.38,0.85,0.68,0.9,0.82,0.8,0.8,NA,2,6.5,34,11.6,1836644,22.1,467504,17.1,7982,14.8,51,9.4,2676,9.5
"755",13245,5,"4431",76,0,2015,"A",NA,33,328,10154042,3206834,62036,595,30950,NA,1.38,0.85,0.68,0.9,0.82,0.8,0.8,NA,2,6.5,34,11.6,1836644,22.1,467504,17.1,7982,14.8,51,9.4,2676,9.5
"756",13245,5,"44314",77,0,2015,"A",NA,33,328,10154042,3206834,62036,595,30950,NA,1.38,0.85,0.68,0.9,0.82,0.8,0.8,NA,2,6.5,34,11.6,1836644,22.1,467504,17.1,7982,14.8,51,9.4,2676,9.5
"757",13245,5,"443141",78,0,2015,"A",NA,7,67,2031696,910968,18071,587,30514,NA,2.04,1.57,1.53,2.23,2.25,0.98,0.98,NA,1,16.7,13,24.1,565926,38.6,329216,56.6,7103,64.8,68,13.1,3537,13.1
"758",13245,5,"443142",78,0,2015,"A",NA,26,262,8122346,2295866,43965,597,31061,NA,1.27,0.76,0.6,0.73,0.65,0.79,0.79,NA,1,4,22,9.2,1270718,18.5,138288,6.4,879,2,48,8.7,2493,8.7
"759",13245,5,"444",75,0,2015,"A",NA,34,558,18689673,5236205,74493,644,33469,NA,0.98,0.6,0.76,0.64,0.48,1.26,1.26,NA,2,6.2,26,4.9,851766,4.8,469947,9.9,-1865,-2.4,-1,-0.2,-71,-0.2
"760",13245,5,"4441",76,0,2015,"A",NA,26,504,17166820,4661074,61117,656,34089,NA,0.98,0.62,0.79,0.64,0.46,1.28,1.27,NA,1,4,17,3.5,568798,3.4,371164,8.7,-5057,-7.6,0,0,-28,-0.1
"761",13245,5,"44411",77,0,2015,"A","N",3,0,0,0,0,0,0,"N",0.62,0,0,0,0,0,0,"N",0,0,0,0,0,0,0,0,0,0,0,0,0,0
"762",13245,5,"444110",78,0,2015,"A","N",3,0,0,0,0,0,0,"N",0.62,0,0,0,0,0,0,"N",0,0,0,0,0,0,0,0,0,0,0,0,0,0
"763",13245,5,"44412",77,0,2015,"A","N",3,0,0,0,0,0,0,"N",0.98,0,0,0,0,0,0,"N",0,0,0,0,0,0,0,0,0,0,0,0,0,0
"764",13245,5,"444120",78,0,2015,"A","N",3,0,0,0,0,0,0,"N",0.98,0,0,0,0,0,0,"N",0,0,0,0,0,0,0,0,0,0,0,0,0,0
"765",13245,5,"44413",77,0,2015,"A",NA,3,49,1749702,520923,4551,688,35769,NA,0.42,0.44,0.7,0.56,0.33,1.58,1.58,NA,0,0,1,2.1,156526,9.8,75535,17,0,0,54,8.5,2807,8.5
"766",13245,5,"444130",78,0,2015,"A",NA,3,49,1749702,520923,4551,688,35769,NA,0.42,0.44,0.7,0.56,0.33,1.58,1.58,NA,0,0,1,2.1,156526,9.8,75535,17,0,0,54,8.5,2807,8.5
"767",13245,5,"44419",77,0,2015,"A",NA,17,148,7943668,1596145,17543,1033,53704,NA,1.49,0.88,1.17,0.93,0.48,1.33,1.33,NA,1,6.2,-3,-2,-264263,-3.2,107314,7.2,-4397,-20,-11,-1.1,-563,-1
"768",13245,5,"444190",78,0,2015,"A",NA,17,148,7943668,1596145,17543,1033,53704,NA,1.49,0.88,1.17,0.93,0.48,1.33,1.33,NA,1,6.2,-3,-2,-264263,-3.2,107314,7.2,-4397,-20,-11,-1.1,-563,-1
"769",13245,5,"4442",76,0,2015,"A",NA,8,55,1522853,575131,13376,534,27772,NA,0.96,0.49,0.55,0.58,0.58,1.12,1.12,NA,1,14.3,10,22.2,282968,22.8,98783,20.7,3192,31.3,8,1.5,422,1.5
"770",13245,5,"44421",77,0,2015,"A",NA,3,23,752257,260101,8288,636,33066,NA,1.41,0.99,1.05,1.22,2.03,1.08,1.08,NA,0,0,0,0,53815,7.7,2054,0.8,1193,16.8,46,7.8,2365,7.7
"771",13245,5,"444210",78,0,2015,"A",NA,3,23,752257,260101,8288,636,33066,NA,1.41,0.99,1.05,1.22,2.03,1.08,1.08,NA,0,0,0,0,53815,7.7,2054,0.8,1193,16.8,46,7.8,2365,7.7
"772",13245,5,"44422",77,0,2015,"A",NA,5,32,770596,315030,5088,462,24019,NA,0.81,0.36,0.37,0.41,0.27,1.03,1.03,NA,1,25,9,39.1,229153,42.3,96729,44.3,1999,64.7,1,0.2,44,0.2
"773",13245,5,"444220",78,0,2015,"A",NA,5,32,770596,315030,5088,462,24019,NA,0.81,0.36,0.37,0.41,0.27,1.03,1.03,NA,1,25,9,39.1,229153,42.3,96729,44.3,1999,64.7,1,0.2,44,0.2
"774",13245,5,"445",75,0,2015,"A",NA,84,1669,32214146,14914750,136257,371,19301,NA,1.16,0.73,0.73,0.85,0.58,1.01,1.01,NA,2,2.4,54,3.3,2247743,7.5,777083,5.5,-14149,-9.4,14,3.9,748,4
"775",13245,5,"4451",76,0,2015,"A",NA,50,1532,29688058,13643000,122160,373,19385,NA,1.12,0.76,0.77,0.9,0.63,1.01,1.01,NA,1,2,39,2.6,1837075,6.6,617514,4.7,-17096,-12.3,14,3.9,725,3.9
"776",13245,5,"44511",77,0,2015,"A",NA,35,1499,29157627,13324084,115912,374,19455,NA,1.16,0.79,0.8,0.93,0.65,1,1,NA,-1,-2.8,37,2.5,1783741,6.5,603748,4.7,-16605,-12.5,14,3.9,726,3.9
"777",13245,5,"445110",78,0,2015,"A",NA,35,1499,29157627,13324084,115912,374,19455,NA,1.16,0.79,0.8,0.93,0.65,1,1,NA,-1,-2.8,37,2.5,1783741,6.5,603748,4.7,-16605,-12.5,14,3.9,726,3.9
"778",13245,5,"44512",77,0,2015,"A",NA,15,33,530431,318916,6248,311,16196,NA,1.03,0.28,0.29,0.35,0.42,1.06,1.06,NA,1,7.1,2,6.5,53334,11.2,13766,4.5,-491,-7.3,15,5.1,806,5.2
"779",13245,5,"445120",78,0,2015,"A",NA,15,33,530431,318916,6248,311,16196,NA,1.03,0.28,0.29,0.35,0.42,1.06,1.06,NA,1,7.1,2,6.5,53334,11.2,13766,4.5,-491,-7.3,15,5.1,806,5.2
"780",13245,5,"4452",76,0,2015,"A",NA,10,40,761997,403862,6896,363,18854,NA,0.77,0.23,0.22,0.29,0.27,0.95,0.95,NA,1,11.1,0,0,164901,27.6,35595,9.7,724,11.7,74,25.6,3833,25.5
"781",13245,5,"44521",77,0,2015,"A",NA,3,22,435243,229654,5520,388,20166,NA,1.02,0.57,0.56,0.73,1.12,1,1,NA,-1,-25,0,0,89798,26,1840,0.8,-3,-0.1,87,28.9,4523,28.9
"782",13245,5,"445210",78,0,2015,"A",NA,3,22,435243,229654,5520,388,20166,NA,1.02,0.57,0.56,0.73,1.12,1,1,NA,-1,-25,0,0,89798,26,1840,0.8,-3,-0.1,87,28.9,4523,28.9
"783",13245,5,"44522",77,0,2015,"A",NA,4,5,62610,39896,522,268,13913,NA,3.53,0.45,0.26,0.42,0.27,0.65,0.65,"N",1,33.3,0,0,0,0,0,0,0,0,0,0,0,0
"784",13245,5,"445220",78,0,2015,"A",NA,4,5,62610,39896,522,268,13913,NA,3.53,0.45,0.26,0.42,0.27,0.65,0.65,"N",1,33.3,0,0,0,0,0,0,0,0,0,0,0,0
"785",13245,5,"44523",77,0,2015,"A","N",1,0,0,0,0,0,0,"N",0.55,0,0,0,0,0,0,"N",0,0,0,0,0,0,0,0,0,0,0,0,0,0
"786",13245,5,"445230",78,0,2015,"A","N",1,0,0,0,0,0,0,"N",0.55,0,0,0,0,0,0,"N",0,0,0,0,0,0,0,0,0,0,0,0,0,0
"787",13245,5,"44529",77,0,2015,"A","N",2,0,0,0,0,0,0,"N",0.28,0,0,0,0,0,0,"N",1,100,0,0,0,0,0,0,0,0,0,0,0,0
"788",13245,5,"445292",78,0,2015,"A","N",1,0,0,0,0,0,0,"N",0.65,0,0,0,0,0,0,"N",0,0,0,0,0,0,0,0,0,0,0,0,0,0
"789",13245,5,"445299",78,0,2015,"A","N",1,0,0,0,0,0,0,"N",0.24,0,0,0,0,0,0,"N",1,100,0,0,0,0,0,0,0,0,0,0,0,0
"790",13245,5,"4453",76,0,2015,"A",NA,24,97,1764091,867888,7201,349,18155,NA,1.62,0.85,0.82,0.97,0.5,0.97,0.97,NA,1,4.3,14,16.9,245767,16.2,123974,16.7,2223,44.7,-3,-0.9,-175,-1
"791",13245,5,"44531",77,0,2015,"A",NA,24,97,1764091,867888,7201,349,18155,NA,1.62,0.85,0.82,0.97,0.5,0.97,0.97,NA,1,4.3,14,16.9,245767,16.2,123974,16.7,2223,44.7,-3,-0.9,-175,-1
"792",13245,5,"445310",78,0,2015,"A",NA,24,97,1764091,867888,7201,349,18155,NA,1.62,0.85,0.82,0.97,0.5,0.97,0.97,NA,1,4.3,14,16.9,245767,16.2,123974,16.7,2223,44.7,-3,-0.9,-175,-1
"793",13245,5,"446",75,0,2015,"A",NA,88,791,26061214,7556112,77578,633,32933,NA,1.64,1.02,1.1,1.19,0.77,1.07,1.07,NA,5,6,39,5.2,281322,1.1,454513,6.4,-1669,-2.1,-26,-3.9,-1360,-4
"794",13245,5,"4461",76,0,2015,"A",NA,88,791,26061214,7556112,77578,633,32933,NA,1.64,1.02,1.1,1.19,0.77,1.07,1.07,NA,5,6,39,5.2,281322,1.1,454513,6.4,-1669,-2.1,-26,-3.9,-1360,-4
"795",13245,5,"44611",77,0,2015,"A",NA,45,506,19766711,5082527,41207,751,39033,NA,1.44,0.94,1.12,1.13,0.64,1.19,1.19,NA,1,2.3,-8,-1.6,-921616,-4.5,-596,0,-8547,-17.2,-23,-3,-1197,-3
"796",13245,5,"446110",78,0,2015,"A",NA,45,506,19766711,5082527,41207,751,39033,NA,1.44,0.94,1.12,1.13,0.64,1.19,1.19,NA,1,2.3,-8,-1.6,-921616,-4.5,-596,0,-8547,-17.2,-23,-3,-1197,-3
"797",13245,5,"44612",77,0,2015,"A",NA,19,147,2275770,1175977,14617,298,15517,NA,2.5,1.44,1.04,1.57,1.04,0.72,0.72,NA,2,11.8,27,22.5,549734,31.8,292280,33.1,2496,20.6,21,7.6,1113,7.7
"798",13245,5,"446120",78,0,2015,"A",NA,19,147,2275770,1175977,14617,298,15517,NA,2.5,1.44,1.04,1.57,1.04,0.72,0.72,NA,2,11.8,27,22.5,549734,31.8,292280,33.1,2496,20.6,21,7.6,1113,7.7
"799",13245,5,"44613",77,0,2015,"A",NA,11,71,1689129,621721,15774,457,23763,NA,1.99,1.3,1.21,1.43,2.01,0.93,0.93,NA,1,10,6,9.2,-48371,-2.8,52709,9.3,2059,15,-58,-11.3,-3036,-11.3
"800",13245,5,"446130",78,0,2015,"A",NA,11,71,1689129,621721,15774,457,23763,NA,1.99,1.3,1.21,1.43,2.01,0.93,0.93,NA,1,10,6,9.2,-48371,-2.8,52709,9.3,2059,15,-58,-11.3,-3036,-11.3
"801",13245,5,"44619",77,0,2015,"A",NA,13,67,2329604,675887,5980,667,34684,NA,1.38,0.84,0.93,0.95,0.42,1.1,1.1,NA,1,8.3,14,26.4,701575,43.1,110120,19.5,2323,63.5,74,12.5,3870,12.6
"802",13245,5,"446191",78,0,2015,"A","N",4,0,0,0,0,0,0,"N",0.83,0,0,0,0,0,0,"N",-1,-20,0,0,0,0,0,0,0,0,0,0,0,0
"803",13245,5,"446199",78,0,2015,"A","N",9,0,0,0,0,0,0,"N",1.95,0,0,0,0,0,0,"N",2,28.6,0,0,0,0,0,0,0,0,0,0,0,0
"804",13245,5,"447",75,0,2015,"A",NA,125,723,14270676,8063931,116691,380,19738,NA,2.4,1.07,1.27,1.52,1.49,1.19,1.19,NA,5,4.2,71,10.9,1845140,14.8,1169073,17,-10461,-8.2,14,3.8,685,3.6
"805",13245,5,"4471",76,0,2015,"A",NA,125,723,14270676,8063931,116691,380,19738,NA,2.4,1.07,1.27,1.52,1.49,1.19,1.19,NA,5,4.2,71,10.9,1845140,14.8,1169073,17,-10461,-8.2,14,3.8,685,3.6
"806",13245,5,"44711",77,0,2015,"A","N",120,0,0,0,0,0,0,"N",2.57,0,0,0,0,0,0,"N",3,2.6,0,0,0,0,0,0,0,0,0,0,0,0
"807",13245,5,"447110",78,0,2015,"A","N",120,0,0,0,0,0,0,"N",2.57,0,0,0,0,0,0,"N",3,2.6,0,0,0,0,0,0,0,0,0,0,0,0
"808",13245,5,"44719",77,0,2015,"A","N",5,0,0,0,0,0,0,"N",0.9,0,0,0,0,0,0,"N",2,66.7,0,0,0,0,0,0,0,0,0,0,0,0
"809",13245,5,"447190",78,0,2015,"A","N",5,0,0,0,0,0,0,"N",0.9,0,0,0,0,0,0,"N",2,66.7,0,0,0,0,0,0,0,0,0,0,0,0
"810",13245,5,"448",75,0,2015,"A",NA,124,1352,23755580,10654021,140789,338,17571,NA,1.96,1.34,1.32,1.54,1.09,0.99,0.99,NA,-4,-3.1,7,0.5,337464,1.4,51777,0.5,-14473,-9.3,3,0.9,163,0.9
"811",13245,5,"4481",76,0,2015,"A",NA,84,957,14210159,7277486,100712,286,14846,NA,2.01,1.27,1.15,1.45,1.08,0.91,0.9,NA,-4,-4.5,-3,-0.3,269773,1.9,40086,0.6,-11142,-10,7,2.5,320,2.2
"812",13245,5,"44811",77,0,2015,"A",NA,13,54,1441952,560582,11112,510,26539,NA,4.15,1.39,1.48,1.76,1.61,1.06,1.06,NA,1,8.3,-1,-1.8,-49955,-3.3,-51028,-8.3,-2236,-16.8,-9,-1.7,-423,-1.6
"813",13245,5,"448110",78,0,2015,"A",NA,13,54,1441952,560582,11112,510,26539,NA,4.15,1.39,1.48,1.76,1.61,1.06,1.06,NA,1,8.3,-1,-1.8,-49955,-3.3,-51028,-8.3,-2236,-16.8,-9,-1.7,-423,-1.6
"814",13245,5,"44812",77,0,2015,"A",NA,26,201,2880275,1518484,21690,276,14354,NA,1.9,0.94,0.87,1.1,0.83,0.92,0.93,NA,-3,-10.3,-32,-13.7,-425322,-12.9,-264785,-14.8,-6167,-22.1,3,1.1,182,1.3
"815",13245,5,"448120",78,0,2015,"A",NA,26,201,2880275,1518484,21690,276,14354,NA,1.9,0.94,0.87,1.1,0.83,0.92,0.93,NA,-3,-10.3,-32,-13.7,-425322,-12.9,-264785,-14.8,-6167,-22.1,3,1.1,182,1.3
"816",13245,5,"44813",77,0,2015,"A",NA,7,163,2629336,1412614,18237,310,16123,NA,2.27,3,3.61,4.53,3.14,1.2,1.2,NA,-1,-12.5,26,19,467051,21.6,270412,23.7,6241,52,6,2,311,2
"817",13245,5,"448130",78,0,2015,"A",NA,7,163,2629336,1412614,18237,310,16123,NA,2.27,3,3.61,4.53,3.14,1.2,1.2,NA,-1,-12.5,26,19,467051,21.6,270412,23.7,6241,52,6,2,311,2
"818",13245,5,"44814",77,0,2015,"A",NA,18,374,4262027,2299766,31322,219,11383,NA,1.61,1.2,0.91,1.17,0.89,0.76,0.76,NA,0,0,-7,-1.8,-18943,-0.4,-76910,-3.2,-8072,-20.5,3,1.4,142,1.3
"819",13245,5,"448140",78,0,2015,"A",NA,18,374,4262027,2299766,31322,219,11383,NA,1.61,1.2,0.91,1.17,0.89,0.76,0.76,NA,0,0,-7,-1.8,-18943,-0.4,-76910,-3.2,-8072,-20.5,3,1.4,142,1.3
"820",13245,5,"44815",77,0,2015,"A",NA,9,55,780846,443796,8501,274,14240,NA,2,1.21,0.78,1.28,1.29,0.65,0.65,NA,0,0,3,5.8,135721,21,83687,23.2,323,3.9,35,14.6,1794,14.4
"821",13245,5,"448150",78,0,2015,"A",NA,9,55,780846,443796,8501,274,14240,NA,2,1.21,0.78,1.28,1.29,0.65,0.65,NA,0,0,3,5.8,135721,21,83687,23.2,323,3.9,35,14.6,1794,14.4
"822",13245,5,"44819",77,0,2015,"A",NA,12,110,2215723,1042244,9850,388,20174,NA,1.92,1.22,1.32,1.52,0.78,1.08,1.08,NA,0,0,8,7.8,161221,7.8,78710,8.2,-1231,-11.1,-1,-0.3,-34,-0.2
"823",13245,5,"448190",78,0,2015,"A",NA,12,110,2215723,1042244,9850,388,20174,NA,1.92,1.22,1.32,1.52,0.78,1.08,1.08,NA,0,0,8,7.8,161221,7.8,78710,8.2,-1231,-11.1,-1,-0.3,-34,-0.2
"824",13245,5,"4482",76,0,2015,"A",NA,28,239,3526675,1770073,14440,283,14735,NA,2.68,1.54,1.38,1.72,0.76,0.9,0.9,NA,1,3.7,13,5.8,254948,7.8,99336,5.9,-1403,-8.9,5,1.8,274,1.9
"825",13245,5,"44821",77,0,2015,"A",NA,28,239,3526675,1770073,14440,283,14735,NA,2.68,1.54,1.38,1.72,0.76,0.9,0.9,NA,1,3.7,13,5.8,254948,7.8,99336,5.9,-1403,-8.9,5,1.8,274,1.9
"826",13245,5,"448210",78,0,2015,"A",NA,28,239,3526675,1770073,14440,283,14735,NA,2.68,1.54,1.38,1.72,0.76,0.9,0.9,NA,1,3.7,13,5.8,254948,7.8,99336,5.9,-1403,-8.9,5,1.8,274,1.9
"827",13245,5,"4483",76,0,2015,"A",NA,12,156,6018746,1606462,25637,744,38706,NA,1.08,1.53,1.95,1.81,1.5,1.28,1.28,NA,-1,-7.7,-3,-1.9,-187257,-3,-87645,-5.2,-1928,-7,-5,-0.7,-244,-0.6
"828",13245,5,"44831",77,0,2015,"A",NA,12,156,6018746,1606462,25637,744,38706,NA,1.15,1.71,2.19,2.02,1.7,1.28,1.28,NA,-1,-7.7,-3,-1.9,-187257,-3,-87645,-5.2,-1928,-7,-5,-0.7,-244,-0.6
"829",13245,5,"448310",78,0,2015,"A",NA,12,156,6018746,1606462,25637,744,38706,NA,1.15,1.71,2.19,2.02,1.7,1.28,1.28,NA,-1,-7.7,-3,-1.9,-187257,-3,-87645,-5.2,-1928,-7,-5,-0.7,-244,-0.6
"830",13245,5,"451",75,0,2015,"A",NA,34,453,7980788,3645706,34824,338,17601,NA,1.3,0.96,1.01,1.1,0.67,1.05,1.06,NA,-2,-5.6,4,0.9,377622,5,64498,1.8,-7699,-18.1,13,4,680,4
"831",13245,5,"4511",76,0,2015,"A",NA,29,364,6239845,2824613,29939,330,17150,NA,1.31,0.9,0.92,0.98,0.66,1.03,1.03,NA,-2,-6.5,0,0,298017,5,-5898,-0.2,-7142,-19.3,16,5.1,819,5
"832",13245,5,"45111",77,0,2015,"A",NA,13,124,2584205,1083794,13008,400,20784,NA,1.07,0.54,0.64,0.63,0.49,1.17,1.17,NA,0,0,3,2.5,249859,10.7,-5456,-0.5,-3962,-23.3,30,8.1,1532,8
"833",13245,5,"451110",78,0,2015,"A",NA,13,124,2584205,1083794,13008,400,20784,NA,1.07,0.54,0.64,0.63,0.49,1.17,1.17,NA,0,0,3,2.5,249859,10.7,-5456,-0.5,-3962,-23.3,30,8.1,1532,8
"834",13245,5,"45112",77,0,2015,"A",NA,10,186,2857478,1319180,14465,296,15404,NA,1.73,1.51,1.65,1.72,1.11,1.09,1.09,NA,-2,-16.7,-3,-1.6,22398,0.8,-637,0,-2393,-14.2,8,2.8,417,2.8
"835",13245,5,"451120",78,0,2015,"A",NA,10,186,2857478,1319180,14465,296,15404,NA,1.73,1.51,1.65,1.72,1.11,1.09,1.09,NA,-2,-16.7,-3,-1.6,22398,0.8,-637,0,-2393,-14.2,8,2.8,417,2.8
"836",13245,5,"45113",77,0,2015,"A","N",4,0,0,0,0,0,0,"N",1.68,0,0,0,0,0,0,"N",0,0,0,0,0,0,0,0,0,0,0,0,0,0
"837",13245,5,"451130",78,0,2015,"A","N",4,0,0,0,0,0,0,"N",1.68,0,0,0,0,0,0,"N",0,0,0,0,0,0,0,0,0,0,0,0,0,0
"838",13245,5,"45114",77,0,2015,"A","N",3,0,0,0,0,0,0,"N",1.56,0,0,0,0,0,0,"N",0,0,0,0,0,0,0,0,0,0,0,0,0,0
"839",13245,5,"451140",78,0,2015,"A","N",3,0,0,0,0,0,0,"N",1.56,0,0,0,0,0,0,"N",0,0,0,0,0,0,0,0,0,0,0,0,0,0
"840",13245,5,"4512",76,0,2015,"A",NA,5,90,1740943,821093,4885,374,19434,NA,1.25,1.34,1.55,1.82,0.67,1.16,1.16,NA,0,0,4,4.7,79605,4.8,70396,9.4,-557,-10.2,0,0,3,0
"841",13245,5,"45121",77,0,2015,"A",NA,5,90,1740943,821093,4885,374,19434,NA,1.25,1.34,1.55,1.82,0.67,1.16,1.16,NA,0,0,4,4.7,79605,4.8,70396,9.4,-557,-10.2,0,0,3,0
"842",13245,5,"451211",78,0,2015,"A",NA,5,90,1740943,821093,4885,374,19434,NA,1.42,1.46,1.76,2.04,0.77,1.21,1.21,NA,0,0,4,4.7,79605,4.8,70396,9.4,-557,-10.2,0,0,3,0
"843",13245,5,"452",75,0,2015,"A",NA,66,3004,65108722,27933275,378769,417,21672,NA,2.18,1.26,1.49,1.53,1.38,1.18,1.18,NA,-1,-1.5,79,2.7,4098417,6.7,1902800,7.3,-41779,-9.9,16,4,816,3.9
"844",13245,5,"4521",76,0,2015,"A",NA,15,1136,22849323,10692642,150596,387,20106,NA,1.99,1.12,1.32,1.46,1.23,1.18,1.18,NA,0,0,-58,-4.9,-27673,-0.1,-46741,-0.4,-42993,-22.2,18,4.9,941,4.9
"845",13245,5,"45211",77,0,2015,"A",NA,15,1136,22849323,10692642,150596,387,20106,NA,1.99,1.12,1.32,1.46,1.23,1.18,1.18,NA,0,0,-58,-4.9,-27673,-0.1,-46741,-0.4,-42993,-22.2,18,4.9,941,4.9
"846",13245,5,"452111",78,0,2015,"A",NA,7,753,16774101,7599995,111162,428,22281,NA,3.01,2.03,2.31,2.73,2.07,1.14,1.14,NA,0,0,-52,-6.5,-111268,-0.7,-179478,-2.3,-37135,-25,25,6.2,1310,6.2
"847",13245,5,"452112",78,0,2015,"A",NA,8,384,6075222,3092647,39434,305,15838,NA,1.54,0.6,0.61,0.68,0.57,1.02,1.02,NA,0,0,-5,-1.3,83595,1.4,132737,4.5,-5858,-12.9,8,2.7,416,2.7
"848",13245,5,"4529",76,0,2015,"A",NA,51,1868,42259399,17240633,228173,435,22624,NA,2.24,1.36,1.59,1.58,1.5,1.17,1.17,NA,-1,-1.9,136,7.9,4126090,10.8,1949541,12.7,1214,0.5,11,2.6,602,2.7
"849",13245,5,"45291",77,0,2015,"A","N",11,0,0,0,0,0,0,"N",3.71,0,0,0,0,0,0,"N",1,10,0,0,0,0,0,0,0,0,0,0,0,0
"850",13245,5,"452910",78,0,2015,"A","N",11,0,0,0,0,0,0,"N",3.71,0,0,0,0,0,0,"N",1,10,0,0,0,0,0,0,0,0,0,0,0,0
"851",13245,5,"45299",77,0,2015,"A","N",41,0,0,0,0,0,0,"N",2.07,0,0,0,0,0,0,"N",-1,-2.4,0,0,0,0,0,0,0,0,0,0,0,0
"852",13245,5,"452990",78,0,2015,"A","N",41,0,0,0,0,0,0,"N",2.07,0,0,0,0,0,0,"N",-1,-2.4,0,0,0,0,0,0,0,0,0,0,0,0
"853",13245,5,"453",75,0,2015,"A",NA,64,386,10447824,3539230,52597,521,27079,NA,1.14,0.62,0.81,0.78,0.61,1.31,1.31,NA,0,0,-38,-9,-1172854,-10.1,-224932,-6,-10047,-16,-6,-1.1,-312,-1.1
"854",13245,5,"4531",76,0,2015,"A",NA,7,19,327948,184742,2403,330,17185,NA,1.04,0.41,0.44,0.54,0.44,1.06,1.06,NA,1,16.7,6,46.2,110106,50.5,47588,34.7,883,58.1,12,3.8,640,3.9
"855",13245,5,"45311",77,0,2015,"A",NA,7,19,327948,184742,2403,330,17185,NA,1.04,0.41,0.44,0.54,0.44,1.06,1.06,NA,1,16.7,6,46.2,110106,50.5,47588,34.7,883,58.1,12,3.8,640,3.9
"856",13245,5,"453110",78,0,2015,"A",NA,7,19,327948,184742,2403,330,17185,NA,1.04,0.41,0.44,0.54,0.44,1.06,1.06,NA,1,16.7,6,46.2,110106,50.5,47588,34.7,883,58.1,12,3.8,640,3.9
"857",13245,5,"4532",76,0,2015,"A",NA,18,177,6144373,1526232,17161,669,34812,NA,1.18,0.84,1.42,0.98,0.56,1.7,1.7,NA,0,0,-16,-8.3,-805764,-11.6,-57990,-3.7,-4937,-22.3,-24,-3.5,-1246,-3.5
"858",13245,5,"45321",77,0,2015,"A",NA,6,96,4837887,885055,8149,972,50526,NA,1.36,1.06,1.95,1.19,0.53,1.84,1.84,NA,-1,-14.3,-19,-16.5,-885707,-15.5,-133340,-13.1,-2937,-26.5,15,1.6,756,1.5
"859",13245,5,"453210",78,0,2015,"A",NA,6,96,4837887,885055,8149,972,50526,NA,1.36,1.06,1.95,1.19,0.53,1.84,1.84,NA,-1,-14.3,-19,-16.5,-885707,-15.5,-133340,-13.1,-2937,-26.5,15,1.6,756,1.5
"860",13245,5,"45322",77,0,2015,"A",NA,12,81,1306486,641177,9012,311,16179,NA,1.11,0.67,0.71,0.78,0.59,1.06,1.06,NA,1,9.1,3,3.8,79943,6.5,75350,13.3,-2000,-18.2,8,2.6,404,2.6
"861",13245,5,"453220",78,0,2015,"A",NA,12,81,1306486,641177,9012,311,16179,NA,1.11,0.67,0.71,0.78,0.59,1.06,1.06,NA,1,9.1,3,3.8,79943,6.5,75350,13.3,-2000,-18.2,8,2.6,404,2.6
"862",13245,5,"4533",76,0,2015,"A",NA,13,58,660831,438662,6447,220,11443,NA,1.44,0.46,0.31,0.65,0.58,0.69,0.69,NA,-1,-7.1,4,7.4,-4437,-0.7,23813,5.7,1176,22.3,-15,-6.4,-782,-6.4
"863",13245,5,"45331",77,0,2015,"A",NA,13,58,660831,438662,6447,220,11443,NA,1.44,0.46,0.31,0.65,0.58,0.69,0.69,NA,-1,-7.1,4,7.4,-4437,-0.7,23813,5.7,1176,22.3,-15,-6.4,-782,-6.4
"864",13245,5,"453310",78,0,2015,"A",NA,13,58,660831,438662,6447,220,11443,NA,1.44,0.46,0.31,0.65,0.58,0.69,0.69,NA,-1,-7.1,4,7.4,-4437,-0.7,23813,5.7,1176,22.3,-15,-6.4,-782,-6.4
"865",13245,5,"4539",76,0,2015,"A",NA,26,133,3314672,1389594,26586,481,25016,NA,1.03,0.56,0.58,0.71,0.67,1.04,1.04,NA,-1,-3.7,-31,-18.9,-472759,-12.5,-238343,-14.6,-7169,-21.2,37,8.3,1910,8.3
"866",13245,5,"45391",77,0,2015,"A","N",2,0,0,0,0,0,0,"N",0.44,0,0,0,0,0,0,"N",0,0,0,0,0,0,0,0,0,0,0,0,0,0
"867",13245,5,"453910",78,0,2015,"A","N",2,0,0,0,0,0,0,"N",0.44,0,0,0,0,0,0,"N",0,0,0,0,0,0,0,0,0,0,0,0,0,0
"868",13245,5,"45392",77,0,2015,"A","N",1,0,0,0,0,0,0,"N",0.39,0,0,0,0,0,0,"N",-1,-50,0,0,0,0,0,0,0,0,0,0,0,0
"869",13245,5,"453920",78,0,2015,"A","N",1,0,0,0,0,0,0,"N",0.39,0,0,0,0,0,0,"N",-1,-50,0,0,0,0,0,0,0,0,0,0,0,0
"870",13245,5,"45393",77,0,2015,"A",NA,7,11,470103,144766,8311,810,42099,NA,6.22,1.14,1.29,1.39,2.88,1.11,1.11,NA,0,0,1,10,34791,8,12605,9.5,-978,-10.5,0,0,-28,-0.1
"871",13245,5,"453930",78,0,2015,"A",NA,7,11,470103,144766,8311,810,42099,NA,6.22,1.14,1.29,1.39,2.88,1.11,1.11,NA,0,0,1,10,34791,8,12605,9.5,-978,-10.5,0,0,-28,-0.1
"872",13245,5,"45399",77,0,2015,"A",NA,16,75,1751657,831870,10990,452,23486,NA,0.94,0.59,0.55,0.77,0.48,0.94,0.94,NA,0,0,-27,-26.5,-441786,-20.1,-177578,-17.6,-2658,-19.5,38,9.2,1964,9.1
"873",13245,5,"453991",78,0,2015,"A",NA,6,16,337316,177548,4108,408,21193,NA,1.27,0.56,0.67,0.77,0.99,1.21,1.21,NA,0,0,0,0,66633,24.6,14957,9.2,387,10.4,77,23.3,4007,23.3
"874",13245,5,"453998",78,0,2015,"A",NA,10,59,1414341,654322,6882,464,24108,NA,0.82,0.6,0.52,0.76,0.37,0.89,0.89,NA,0,0,-27,-31.4,-508419,-26.4,-192535,-22.7,-3045,-30.7,35,8.2,1794,8
"875",13245,5,"454",75,0,2015,"A",NA,9,59,2391481,527767,14767,784,40764,NA,0.4,0.15,0.14,0.12,0.16,0.89,0.89,NA,-2,-18.2,2,3.5,-115493,-4.6,-77729,-12.8,-3021,-17,-68,-8,-3542,-8
"876",13245,5,"4541",76,0,2015,"A","N",3,0,0,0,0,0,0,"N",0.26,0,0,0,0,0,0,"N",-1,-25,0,0,0,0,0,0,0,0,0,0,0,0
"877",13245,5,"45411",77,0,2015,"A","N",3,0,0,0,0,0,0,"N",0.26,0,0,0,0,0,0,"N",-1,-25,0,0,0,0,0,0,0,0,0,0,0,0
"878",13245,5,"454111",78,0,2015,"A","N",3,0,0,0,0,0,0,"N",0.32,0,0,0,0,0,0,"N",-1,-25,0,0,0,0,0,0,0,0,0,0,0,0
"879",13245,5,"4542",76,0,2015,"A","N",1,0,0,0,0,0,0,"N",0.52,0,0,0,0,0,0,"N",0,0,0,0,0,0,0,0,0,0,0,0,0,0
"880",13245,5,"45421",77,0,2015,"A","N",1,0,0,0,0,0,0,"N",0.52,0,0,0,0,0,0,"N",0,0,0,0,0,0,0,0,0,0,0,0,0,0
"881",13245,5,"454210",78,0,2015,"A","N",1,0,0,0,0,0,0,"N",0.52,0,0,0,0,0,0,"N",0,0,0,0,0,0,0,0,0,0,0,0,0,0
"882",13245,5,"4543",76,0,2015,"A",NA,5,38,2213960,426631,13240,1116,58008,NA,0.56,0.38,0.53,0.4,0.48,1.4,1.4,"N",-1,-16.7,0,0,0,0,0,0,0,0,0,0,0,0
"883",13245,5,"45431",77,0,2015,"A","N",2,0,0,0,0,0,0,"N",0.49,0,0,0,0,0,0,"N",0,0,0,0,0,0,0,0,0,0,0,0,0,0
"884",13245,5,"454310",78,0,2015,"A","N",2,0,0,0,0,0,0,"N",0.49,0,0,0,0,0,0,"N",0,0,0,0,0,0,0,0,0,0,0,0,0,0
"885",13245,5,"45439",77,0,2015,"A","N",3,0,0,0,0,0,0,"N",0.62,0,0,0,0,0,0,"N",-1,-25,0,0,0,0,0,0,0,0,0,0,0,0
"886",13245,5,"454390",78,0,2015,"A","N",3,0,0,0,0,0,0,"N",0.62,0,0,0,0,0,0,"N",-1,-25,0,0,0,0,0,0,0,0,0,0,0,0
"887",13245,5,"48-49",74,0,2015,"A",NA,113,2268,99289234,23774113,420608,842,43772,NA,0.96,0.66,0.7,0.67,0.57,1.07,1.07,NA,3,2.7,224,11,16312263,19.7,2152420,10,-2716,-0.6,61,7.8,3173,7.8
"888",13245,5,"481",75,0,2015,"A","N",1,0,0,0,0,0,0,"N",0.35,0,0,0,0,0,0,"N",1,100,0,0,0,0,0,0,0,0,0,0,0,0
"889",13245,5,"4811",76,0,2015,"A","N",1,0,0,0,0,0,0,"N",0.8,0,0,0,0,0,0,"N",1,100,0,0,0,0,0,0,0,0,0,0,0,0
"890",13245,5,"48111",77,0,2015,"A","N",1,0,0,0,0,0,0,"N",0.8,0,0,0,0,0,0,"N",1,100,0,0,0,0,0,0,0,0,0,0,0,0
"891",13245,5,"481111",78,0,2015,"A","N",1,0,0,0,0,0,0,"N",1.08,0,0,0,0,0,0,"N",1,100,0,0,0,0,0,0,0,0,0,0,0,0
"892",13245,5,"484",75,0,2015,"A",NA,67,1018,44730134,11662049,230802,845,43925,NA,1.1,0.94,1.04,0.97,0.95,1.11,1.11,NA,0,0,86,9.2,5262982,13.3,1199162,11.5,7283,3.3,31,3.8,1590,3.8
"893",13245,5,"4841",76,0,2015,"A",NA,38,594,26931103,6452093,131378,872,45339,NA,1.01,0.8,0.91,0.79,0.86,1.14,1.14,NA,-2,-5,68,12.9,4050056,17.7,791728,14,4667,3.7,35,4.2,1811,4.2
"894",13245,5,"48411",77,0,2015,"A",NA,7,125,3488306,1434248,29020,535,27832,NA,0.44,0.69,0.52,0.72,0.61,0.75,0.75,NA,1,16.7,38,43.7,847484,32.1,456707,46.7,9692,50.1,-51,-8.7,-2639,-8.7
"895",13245,5,"484110",78,0,2015,"A",NA,7,125,3488306,1434248,29020,535,27832,NA,0.44,0.69,0.52,0.72,0.61,0.75,0.75,NA,1,16.7,38,43.7,847484,32.1,456707,46.7,9692,50.1,-51,-8.7,-2639,-8.7
"896",13245,5,"48412",77,0,2015,"A",NA,31,469,23442797,5017845,102358,962,50020,NA,1.43,0.83,1.03,0.81,0.97,1.24,1.24,NA,-3,-8.8,30,6.8,3202572,15.8,335021,7.2,-5025,-4.7,75,8.5,3915,8.5
"897",13245,5,"484121",78,0,2015,"A",NA,24,375,18226306,3944714,91619,934,48593,NA,1.39,0.99,1.26,0.92,1.32,1.27,1.27,NA,-1,-4,36,10.6,3170014,21.1,356346,9.9,258,0.3,80,9.4,4201,9.5
"898",13245,5,"484122",78,0,2015,"A",NA,7,94,5216491,1073131,10739,1072,55742,NA,1.59,0.51,0.63,0.57,0.29,1.24,1.24,NA,-2,-22.2,-6,-6,32558,0.6,-21325,-1.9,-5283,-33,73,7.3,3816,7.3
"899",13245,5,"4842",76,0,2015,"A",NA,29,424,17799031,5209956,99424,807,41946,NA,1.24,1.25,1.33,1.33,1.12,1.06,1.06,NA,1,3.6,17,4.2,1212926,7.3,407434,8.5,2616,2.7,23,2.9,1152,2.8
"900",13245,5,"48421",77,0,2015,"A",NA,7,120,3265950,1284199,32630,525,27292,NA,1.8,1.66,1.48,1.77,1.87,0.9,0.9,NA,0,0,-10,-7.7,-42946,-1.3,-102708,-7.4,-4569,-12.3,37,7.6,1904,7.5
"901",13245,5,"484210",78,0,2015,"A",NA,7,120,3265950,1284199,32630,525,27292,NA,1.8,1.66,1.48,1.77,1.87,0.9,0.9,NA,0,0,-10,-7.7,-42946,-1.3,-102708,-7.4,-4569,-12.3,37,7.6,1904,7.5
"902",13245,5,"48422",77,0,2015,"A",NA,10,104,4339123,1220500,23796,804,41823,NA,0.7,0.63,0.65,0.6,0.46,1.04,1.04,NA,0,0,0,0,176025,4.2,-416,0,-5266,-18.1,35,4.6,1857,4.6
"903",13245,5,"484220",78,0,2015,"A",NA,10,104,4339123,1220500,23796,804,41823,NA,0.7,0.63,0.65,0.6,0.46,1.04,1.04,NA,0,0,0,0,176025,4.2,-416,0,-5266,-18.1,35,4.6,1857,4.6
"904",13245,5,"48423",77,0,2015,"A",NA,12,201,10193958,2705257,42998,976,50737,NA,2.31,1.98,2.23,2.33,2.13,1.13,1.13,NA,2,20,29,16.9,1079847,11.8,510558,23.3,12451,40.8,-43,-4.2,-2226,-4.2
"905",13245,5,"484230",78,0,2015,"A",NA,12,201,10193958,2705257,42998,976,50737,NA,2.31,1.98,2.23,2.33,2.13,1.13,1.13,NA,2,20,29,16.9,1079847,11.8,510558,23.3,12451,40.8,-43,-4.2,-2226,-4.2
"906",13245,5,"485",75,0,2015,"A","N",6,0,0,0,0,0,0,"N",0.6,0,0,0,0,0,0,"N",-1,-14.3,0,0,0,0,0,0,0,0,0,0,0,0
"907",13245,5,"4851",76,0,2015,"A","N",1,0,0,0,0,0,0,"N",2.78,0,0,0,0,0,0,"N",0,0,0,0,0,0,0,0,0,0,0,0,0,0
"908",13245,5,"48511",77,0,2015,"A","N",1,0,0,0,0,0,0,"N",2.78,0,0,0,0,0,0,"N",0,0,0,0,0,0,0,0,0,0,0,0,0,0
"909",13245,5,"485113",78,0,2015,"A","N",1,0,0,0,0,0,0,"N",3.64,0,0,0,0,0,0,"N",0,0,0,0,0,0,0,0,0,0,0,0,0,0
"910",13245,5,"4852",76,0,2015,"A","N",1,0,0,0,0,0,0,"N",3.85,0,0,0,0,0,0,"N",0,0,0,0,0,0,0,0,0,0,0,0,0,0
"911",13245,5,"48521",77,0,2015,"A","N",1,0,0,0,0,0,0,"N",3.85,0,0,0,0,0,0,"N",0,0,0,0,0,0,0,0,0,0,0,0,0,0
"912",13245,5,"485210",78,0,2015,"A","N",1,0,0,0,0,0,0,"N",3.85,0,0,0,0,0,0,"N",0,0,0,0,0,0,0,0,0,0,0,0,0,0
"913",13245,5,"4853",76,0,2015,"A","N",2,0,0,0,0,0,0,"N",0.48,0,0,0,0,0,0,"N",0,0,0,0,0,0,0,0,0,0,0,0,0,0
"914",13245,5,"48531",77,0,2015,"A","N",1,0,0,0,0,0,0,"N",0.61,0,0,0,0,0,0,"N",0,0,0,0,0,0,0,0,0,0,0,0,0,0
"915",13245,5,"485310",78,0,2015,"A","N",1,0,0,0,0,0,0,"N",0.61,0,0,0,0,0,0,"N",0,0,0,0,0,0,0,0,0,0,0,0,0,0
"916",13245,5,"48532",77,0,2015,"A","N",1,0,0,0,0,0,0,"N",0.4,0,0,0,0,0,0,"N",0,0,0,0,0,0,0,0,0,0,0,0,0,0
"917",13245,5,"485320",78,0,2015,"A","N",1,0,0,0,0,0,0,"N",0.4,0,0,0,0,0,0,"N",0,0,0,0,0,0,0,0,0,0,0,0,0,0
"918",13245,5,"4854",76,0,2015,"A","N",1,0,0,0,0,0,0,"N",0.46,0,0,0,0,0,0,"N",0,0,0,0,0,0,0,0,0,0,0,0,0,0
"919",13245,5,"48541",77,0,2015,"A","N",1,0,0,0,0,0,0,"N",0.46,0,0,0,0,0,0,"N",0,0,0,0,0,0,0,0,0,0,0,0,0,0
"920",13245,5,"485410",78,0,2015,"A","N",1,0,0,0,0,0,0,"N",0.46,0,0,0,0,0,0,"N",0,0,0,0,0,0,0,0,0,0,0,0,0,0
"921",13245,5,"4855",76,0,2015,"A","N",1,0,0,0,0,0,0,"N",1.49,0,0,0,0,0,0,"N",0,0,0,0,0,0,0,0,0,0,0,0,0,0
"922",13245,5,"48551",77,0,2015,"A","N",1,0,0,0,0,0,0,"N",1.49,0,0,0,0,0,0,"N",0,0,0,0,0,0,0,0,0,0,0,0,0,0
"923",13245,5,"485510",78,0,2015,"A","N",1,0,0,0,0,0,0,"N",1.49,0,0,0,0,0,0,"N",0,0,0,0,0,0,0,0,0,0,0,0,0,0
"924",13245,5,"488",75,0,2015,"A",NA,16,375,23098523,3961695,67836,1186,61665,NA,0.73,0.77,1.08,0.81,0.64,1.4,1.4,NA,0,0,-67,-15.2,1799522,8.4,-153622,-3.7,-7891,-10.4,258,27.8,13423,27.8
"925",13245,5,"4881",76,0,2015,"A",NA,6,286,19961897,2987833,41204,1343,69838,NA,1.66,2.05,3.77,2.27,1.39,1.84,1.84,NA,0,0,-12,-4,1727294,9.5,-898,0,-12963,-23.9,165,14,8597,14
"926",13245,5,"48811",77,0,2015,"A","N",3,0,0,0,0,0,0,"N",3.04,0,0,0,0,0,0,"N",0,0,0,0,0,0,0,0,0,0,0,0,0,0
"927",13245,5,"488111",78,0,2015,"A","N",2,0,0,0,0,0,0,"N",18.72,0,0,0,0,0,0,"N",0,0,0,0,0,0,0,0,0,0,0,0,0,0
"928",13245,5,"488119",78,0,2015,"A","N",1,0,0,0,0,0,0,"N",1.13,0,0,0,0,0,0,"N",0,0,0,0,0,0,0,0,0,0,0,0,0,0
"929",13245,5,"48819",77,0,2015,"A","N",3,0,0,0,0,0,0,"N",1.15,0,0,0,0,0,0,"N",0,0,0,0,0,0,0,0,0,0,0,0,0,0
"930",13245,5,"488190",78,0,2015,"A","N",3,0,0,0,0,0,0,"N",1.15,0,0,0,0,0,0,"N",0,0,0,0,0,0,0,0,0,0,0,0,0,0
"931",13245,5,"4884",76,0,2015,"A","N",6,0,0,0,0,0,0,"N",1.02,0,0,0,0,0,0,"N",0,0,0,0,0,0,0,0,0,0,0,0,0,0
"932",13245,5,"48841",77,0,2015,"A","N",5,0,0,0,0,0,0,"N",1.14,0,0,0,0,0,0,"N",4,400,0,0,0,0,0,0,0,0,0,0,0,0
"933",13245,5,"488410",78,0,2015,"A","N",5,0,0,0,0,0,0,"N",1.14,0,0,0,0,0,0,"N",4,400,0,0,0,0,0,0,0,0,0,0,0,0
"934",13245,5,"48849",77,0,2015,"A","N",1,0,0,0,0,0,0,"N",0.67,0,0,0,0,0,0,"N",-4,-80,0,0,0,0,0,0,0,0,0,0,0,0
"935",13245,5,"488490",78,0,2015,"A","N",1,0,0,0,0,0,0,"N",0.67,0,0,0,0,0,0,"N",-4,-80,0,0,0,0,0,0,0,0,0,0,0,0
"936",13245,5,"4885",76,0,2015,"A","N",3,0,0,0,0,0,0,"N",0.33,0,0,0,0,0,0,"N",0,0,0,0,0,0,0,0,0,0,0,0,0,0
"937",13245,5,"48851",77,0,2015,"A","N",3,0,0,0,0,0,0,"N",0.33,0,0,0,0,0,0,"N",0,0,0,0,0,0,0,0,0,0,0,0,0,0
"938",13245,5,"488510",78,0,2015,"A","N",3,0,0,0,0,0,0,"N",0.33,0,0,0,0,0,0,"N",0,0,0,0,0,0,0,0,0,0,0,0,0,0
"939",13245,5,"4889",76,0,2015,"A","N",1,0,0,0,0,0,0,"N",0.86,0,0,0,0,0,0,"N",0,0,0,0,0,0,0,0,0,0,0,0,0,0
"940",13245,5,"48899",77,0,2015,"A","N",1,0,0,0,0,0,0,"N",0.86,0,0,0,0,0,0,"N",0,0,0,0,0,0,0,0,0,0,0,0,0,0
"941",13245,5,"488999",78,0,2015,"A","N",1,0,0,0,0,0,0,"N",1.97,0,0,0,0,0,0,"N",0,0,0,0,0,0,0,0,0,0,0,0,0,0
"942",13245,5,"492",75,0,2015,"A",NA,13,354,12961004,3407414,24787,704,36630,NA,1.46,0.78,0.78,0.86,0.48,0.99,0.99,NA,1,8.3,13,3.8,962965,8,-22375,-0.7,-5039,-16.9,28,4.1,1488,4.2
"943",13245,5,"4921",76,0,2015,"A",NA,6,333,12461931,3183673,20937,720,37451,NA,1.16,0.81,0.8,0.89,0.49,0.99,0.99,NA,1,20,10,3.1,925589,8,144,0,-3652,-14.9,32,4.7,1679,4.7
"944",13245,5,"49211",77,0,2015,"A",NA,6,333,12461931,3183673,20937,720,37451,NA,1.16,0.81,0.8,0.89,0.49,0.99,0.99,NA,1,20,10,3.1,925589,8,144,0,-3652,-14.9,32,4.7,1679,4.7
"945",13245,5,"492110",78,0,2015,"A",NA,6,333,12461931,3183673,20937,720,37451,NA,1.16,0.81,0.8,0.89,0.49,0.99,0.99,NA,1,20,10,3.1,925589,8,144,0,-3652,-14.9,32,4.7,1679,4.7
"946",13245,5,"4922",76,0,2015,"A",NA,7,21,499073,223741,3850,455,23671,NA,1.87,0.5,0.43,0.53,0.42,0.86,0.86,NA,0,0,2,10.5,37376,8.1,-22519,-9.1,-1387,-26.5,-14,-3,-736,-3
"947",13245,5,"49221",77,0,2015,"A",NA,7,21,499073,223741,3850,455,23671,NA,1.87,0.5,0.43,0.53,0.42,0.86,0.86,NA,0,0,2,10.5,37376,8.1,-22519,-9.1,-1387,-26.5,-14,-3,-736,-3
"948",13245,5,"492210",78,0,2015,"A",NA,7,21,499073,223741,3850,455,23671,NA,1.87,0.5,0.43,0.53,0.42,0.86,0.86,NA,0,0,2,10.5,37376,8.1,-22519,-9.1,-1387,-26.5,-14,-3,-736,-3
"949",13245,5,"493",75,0,2015,"A",NA,11,172,6827426,1902001,57823,765,39791,NA,1.34,0.28,0.31,0.29,0.41,1.12,1.12,NA,3,37.5,18,11.7,527848,8.4,208244,12.3,-7557,-11.6,-20,-2.5,-1027,-2.5
"950",13245,5,"4931",76,0,2015,"A",NA,11,172,6827426,1902001,57823,765,39791,NA,1.34,0.28,0.31,0.29,0.41,1.12,1.12,NA,3,37.5,18,11.7,527848,8.4,208244,12.3,-7557,-11.6,-20,-2.5,-1027,-2.5
"951",13245,5,"49311",77,0,2015,"A",NA,7,157,6246854,1771447,54606,766,39852,NA,1.17,0.29,0.33,0.31,0.45,1.14,1.15,NA,1,16.7,19,13.8,625898,11.1,256163,16.9,-6086,-10,-15,-1.9,-757,-1.9
"952",13245,5,"493110",78,0,2015,"A",NA,7,157,6246854,1771447,54606,766,39852,NA,1.17,0.29,0.33,0.31,0.45,1.14,1.15,NA,1,16.7,19,13.8,625898,11.1,256163,16.9,-6086,-10,-15,-1.9,-757,-1.9
"953",13245,5,"49312",77,0,2015,"A","N",1,0,0,0,0,0,0,"N",1.59,0,0,0,0,0,0,"N",0,0,0,0,0,0,0,0,0,0,0,0,0,0
"954",13245,5,"493120",78,0,2015,"A","N",1,0,0,0,0,0,0,"N",1.59,0,0,0,0,0,0,"N",0,0,0,0,0,0,0,0,0,0,0,0,0,0
"955",13245,5,"49313",77,0,2015,"A","N",1,0,0,0,0,0,0,"N",2.26,0,0,0,0,0,0,"N",0,0,0,0,0,0,0,0,0,0,0,0,0,0
"956",13245,5,"493130",78,0,2015,"A","N",1,0,0,0,0,0,0,"N",2.26,0,0,0,0,0,0,"N",0,0,0,0,0,0,0,0,0,0,0,0,0,0
"957",13245,5,"49319",77,0,2015,"A","N",2,0,0,0,0,0,0,"N",1.73,0,0,0,0,0,0,"N",2,100,0,0,0,0,0,0,0,0,0,0,0,0
"958",13245,5,"493190",78,0,2015,"A","N",2,0,0,0,0,0,0,"N",1.73,0,0,0,0,0,0,"N",2,100,0,0,0,0,0,0,0,0,0,0,0,0
"959",13245,5,"51",74,0,2015,"A",NA,54,1950,101283886,21286397,454371,999,51954,NA,0.71,0.94,0.63,0.97,0.86,0.67,0.67,NA,-13,-19.4,-227,-10.4,-7464947,-6.9,-915244,-4.1,-78823,-14.8,39,4.1,2010,4
"960",13245,5,"511",75,0,2015,"A",NA,15,358,24101631,4147217,75655,1295,67354,NA,0.77,0.66,0.52,0.63,0.58,0.79,0.79,NA,-1,-6.2,-47,-11.6,-907472,-3.6,-85143,-2,-9177,-10.8,108,9.1,5616,9.1
"961",13245,5,"5111",76,0,2015,"A","N",11,0,0,0,0,0,0,"N",1.02,0,0,0,0,0,0,"N",-1,-8.3,0,0,0,0,0,0,0,0,0,0,0,0
"962",13245,5,"51111",77,0,2015,"A","N",6,0,0,0,0,0,0,"N",1.56,0,0,0,0,0,0,"N",0,0,0,0,0,0,0,0,0,0,0,0,0,0
"963",13245,5,"511110",78,0,2015,"A","N",6,0,0,0,0,0,0,"N",1.56,0,0,0,0,0,0,"N",0,0,0,0,0,0,0,0,0,0,0,0,0,0
"964",13245,5,"51112",77,0,2015,"A","N",3,0,0,0,0,0,0,"N",0.79,0,0,0,0,0,0,"N",0,0,0,0,0,0,0,0,0,0,0,0,0,0
"965",13245,5,"511120",78,0,2015,"A","N",3,0,0,0,0,0,0,"N",0.79,0,0,0,0,0,0,"N",0,0,0,0,0,0,0,0,0,0,0,0,0,0
"966",13245,5,"51113",77,0,2015,"A","N",1,0,0,0,0,0,0,"N",0.54,0,0,0,0,0,0,"N",0,0,0,0,0,0,0,0,0,0,0,0,0,0
"967",13245,5,"511130",78,0,2015,"A","N",1,0,0,0,0,0,0,"N",0.54,0,0,0,0,0,0,"N",0,0,0,0,0,0,0,0,0,0,0,0,0,0
"968",13245,5,"51114",77,0,2015,"A","N",1,0,0,0,0,0,0,"N",1.78,0,0,0,0,0,0,"N",-1,-50,0,0,0,0,0,0,0,0,0,0,0,0
"969",13245,5,"511140",78,0,2015,"A","N",1,0,0,0,0,0,0,"N",1.78,0,0,0,0,0,0,"N",-1,-50,0,0,0,0,0,0,0,0,0,0,0,0
"970",13245,5,"5112",76,0,2015,"A","N",4,0,0,0,0,0,0,"N",0.46,0,0,0,0,0,0,"N",0,0,0,0,0,0,0,0,0,0,0,0,0,0
"971",13245,5,"51121",77,0,2015,"A","N",4,0,0,0,0,0,0,"N",0.46,0,0,0,0,0,0,"N",0,0,0,0,0,0,0,0,0,0,0,0,0,0
"972",13245,5,"511210",78,0,2015,"A","N",4,0,0,0,0,0,0,"N",0.46,0,0,0,0,0,0,"N",0,0,0,0,0,0,0,0,0,0,0,0,0,0
"973",13245,5,"512",75,0,2015,"A",NA,4,96,2274046,750465,10867,458,23791,NA,0.27,0.32,0.14,0.26,0.11,0.43,0.43,NA,0,0,3,3.2,480755,26.8,18887,2.6,2844,35.4,88,23.8,4543,23.6
"974",13245,5,"5121",76,0,2015,"A","N",3,0,0,0,0,0,0,"N",0.23,0,0,0,0,0,0,"N",0,0,0,0,0,0,0,0,0,0,0,0,0,0
"975",13245,5,"51211",77,0,2015,"A","N",1,0,0,0,0,0,0,"N",0.11,0,0,0,0,0,0,"N",0,0,0,0,0,0,0,0,0,0,0,0,0,0
"976",13245,5,"512110",78,0,2015,"A","N",1,0,0,0,0,0,0,"N",0.11,0,0,0,0,0,0,"N",0,0,0,0,0,0,0,0,0,0,0,0,0,0
"977",13245,5,"51213",77,0,2015,"A","N",2,0,0,0,0,0,0,"N",0.89,0,0,0,0,0,0,"N",0,0,0,0,0,0,0,0,0,0,0,0,0,0
"978",13245,5,"512131",78,0,2015,"A","N",2,0,0,0,0,0,0,"N",0.94,0,0,0,0,0,0,"N",0,0,0,0,0,0,0,0,0,0,0,0,0,0
"979",13245,5,"5122",76,0,2015,"A","N",1,0,0,0,0,0,0,"N",0.57,0,0,0,0,0,0,"N",0,0,0,0,0,0,0,0,0,0,0,0,0,0
"980",13245,5,"51222",77,0,2015,"A","N",1,0,0,0,0,0,0,"N",5.32,0,0,0,0,0,0,"N",0,0,0,0,0,0,0,0,0,0,0,0,0,0
"981",13245,5,"512220",78,0,2015,"A","N",1,0,0,0,0,0,0,"N",5.32,0,0,0,0,0,0,"N",0,0,0,0,0,0,0,0,0,0,0,0,0,0
"982",13245,5,"515",75,0,2015,"A",NA,8,685,30401428,8093766,135426,854,44392,NA,1.65,3.26,2.14,4.29,3.14,0.66,0.66,NA,0,0,-38,-5.3,133060,0.4,-267249,-3.2,-35273,-20.7,49,6.1,2517,6
"983",13245,5,"5151",76,0,2015,"A","N",6,0,0,0,0,0,0,"N",1.45,0,0,0,0,0,0,"N",0,0,0,0,0,0,0,0,0,0,0,0,0,0
"984",13245,5,"51511",77,0,2015,"A","N",2,0,0,0,0,0,0,"N",0.72,0,0,0,0,0,0,"N",0,0,0,0,0,0,0,0,0,0,0,0,0,0
"985",13245,5,"515111",78,0,2015,"A","N",1,0,0,0,0,0,0,"N",1.48,0,0,0,0,0,0,"N",0,0,0,0,0,0,0,0,0,0,0,0,0,0
"986",13245,5,"515112",78,0,2015,"A","N",1,0,0,0,0,0,0,"N",0.48,0,0,0,0,0,0,"N",0,0,0,0,0,0,0,0,0,0,0,0,0,0
"987",13245,5,"51512",77,0,2015,"A","N",4,0,0,0,0,0,0,"N",2.92,0,0,0,0,0,0,"N",0,0,0,0,0,0,0,0,0,0,0,0,0,0
"988",13245,5,"515120",78,0,2015,"A","N",4,0,0,0,0,0,0,"N",2.92,0,0,0,0,0,0,"N",0,0,0,0,0,0,0,0,0,0,0,0,0,0
"989",13245,5,"5152",76,0,2015,"A","N",2,0,0,0,0,0,0,"N",2.87,0,0,0,0,0,0,"N",0,0,0,0,0,0,0,0,0,0,0,0,0,0
"990",13245,5,"51521",77,0,2015,"A","N",2,0,0,0,0,0,0,"N",2.87,0,0,0,0,0,0,"N",0,0,0,0,0,0,0,0,0,0,0,0,0,0
"991",13245,5,"515210",78,0,2015,"A","N",2,0,0,0,0,0,0,"N",2.87,0,0,0,0,0,0,"N",0,0,0,0,0,0,0,0,0,0,0,0,0,0
"992",13245,5,"517",75,0,2015,"A",NA,22,771,40594770,7768563,210653,1012,52641,NA,1.24,1.27,0.99,1.21,1.33,0.77,0.78,NA,-13,-37.1,-134,-14.8,-6476986,-13.8,-490105,-5.9,-30379,-12.6,11,1.1,614,1.2
"993",13245,5,"5171",76,0,2015,"A",NA,12,549,28750506,5391752,152850,1008,52401,NA,1.22,1.25,0.96,1.2,1.42,0.77,0.77,NA,-9,-42.9,-84,-13.3,-3998839,-12.2,-169999,-3.1,-24098,-13.6,13,1.3,637,1.2
"994",13245,5,"51711",77,0,2015,"A",NA,12,549,28750506,5391752,152850,1008,52401,NA,1.22,1.25,0.96,1.2,1.42,0.77,0.77,NA,-9,-42.9,-84,-13.3,-3998839,-12.2,-169999,-3.1,-24098,-13.6,13,1.3,637,1.2
"995",13245,5,"517110",78,0,2015,"A",NA,12,549,28750506,5391752,152850,1008,52401,NA,1.22,1.25,0.96,1.2,1.42,0.77,0.77,NA,-9,-42.9,-84,-13.3,-3998839,-12.2,-169999,-3.1,-24098,-13.6,13,1.3,637,1.2
"996",13245,5,"5172",76,0,2015,"A",NA,6,63,3223450,533397,14025,988,51370,NA,1.53,0.64,0.52,0.45,0.44,0.81,0.81,NA,-4,-40,-20,-24.1,-1122296,-25.8,-64796,-10.8,-3235,-18.7,-21,-2.1,-1094,-2.1
"997",13245,5,"51721",77,0,2015,"A",NA,6,63,3223450,533397,14025,988,51370,NA,1.53,0.64,0.52,0.45,0.44,0.81,0.81,NA,-4,-40,-20,-24.1,-1122296,-25.8,-64796,-10.8,-3235,-18.7,-21,-2.1,-1094,-2.1
"998",13245,5,"517210",78,0,2015,"A",NA,6,63,3223450,533397,14025,988,51370,NA,1.53,0.64,0.52,0.45,0.44,0.81,0.81,NA,-4,-40,-20,-24.1,-1122296,-25.8,-64796,-10.8,-3235,-18.7,-21,-2.1,-1094,-2.1
"999",13245,5,"5179",76,0,2015,"A",NA,4,160,8620814,1843414,43778,1038,53964,NA,1.12,2.66,1.98,2.74,2.48,0.74,0.74,NA,-1,-20,-29,-15.3,-1355851,-13.6,-255310,-12.2,-3046,-6.5,24,2.4,1247,2.4
"1000",13245,5,"51791",77,0,2015,"A",NA,4,160,8620814,1843414,43778,1038,53964,NA,1.12,2.66,1.98,2.74,2.48,0.74,0.74,NA,-1,-20,-29,-15.3,-1355851,-13.6,-255310,-12.2,-3046,-6.5,24,2.4,1247,2.4
"1001",13245,5,"517911",78,0,2015,"A","N",3,0,0,0,0,0,0,"N",1.29,0,0,0,0,0,0,"N",-1,-25,0,0,0,0,0,0,0,0,0,0,0,0
"1002",13245,5,"517919",78,0,2015,"A","N",1,0,0,0,0,0,0,"N",0.8,0,0,0,0,0,0,"N",0,0,0,0,0,0,0,0,0,0,0,0,0,0
"1003",13245,5,"518",75,0,2015,"A","N",3,0,0,0,0,0,0,"N",0.34,0,0,0,0,0,0,"N",0,0,0,0,0,0,0,0,0,0,0,0,0,0
"1004",13245,5,"5182",76,0,2015,"A","N",3,0,0,0,0,0,0,"N",0.34,0,0,0,0,0,0,"N",0,0,0,0,0,0,0,0,0,0,0,0,0,0
"1005",13245,5,"51821",77,0,2015,"A","N",3,0,0,0,0,0,0,"N",0.34,0,0,0,0,0,0,"N",0,0,0,0,0,0,0,0,0,0,0,0,0,0
"1006",13245,5,"518210",78,0,2015,"A","N",3,0,0,0,0,0,0,"N",0.34,0,0,0,0,0,0,"N",0,0,0,0,0,0,0,0,0,0,0,0,0,0
"1007",13245,5,"519",75,0,2015,"A","N",2,0,0,0,0,0,0,"N",0.2,0,0,0,0,0,0,"N",1,100,0,0,0,0,0,0,0,0,0,0,0,0
"1008",13245,5,"5191",76,0,2015,"A","N",2,0,0,0,0,0,0,"N",0.2,0,0,0,0,0,0,"N",1,100,0,0,0,0,0,0,0,0,0,0,0,0
"1009",13245,5,"51912",77,0,2015,"A","N",1,0,0,0,0,0,0,"N",0.96,0,0,0,0,0,0,"N",0,0,0,0,0,0,0,0,0,0,0,0,0,0
"1010",13245,5,"519120",78,0,2015,"A","N",1,0,0,0,0,0,0,"N",0.96,0,0,0,0,0,0,"N",0,0,0,0,0,0,0,0,0,0,0,0,0,0
"1011",13245,5,"51913",77,0,2015,"A","N",1,0,0,0,0,0,0,"N",0.15,0,0,0,0,0,0,"N",1,100,0,0,0,0,0,0,0,0,0,0,0,0
"1012",13245,5,"519130",78,0,2015,"A","N",1,0,0,0,0,0,0,"N",0.15,0,0,0,0,0,0,"N",1,100,0,0,0,0,0,0,0,0,0,0,0,0
"1013",13245,5,"52",74,0,2015,"A",NA,239,1753,108560833,17795732,302355,1191,61923,NA,1.01,0.41,0.31,0.4,0.35,0.75,0.75,NA,-3,-1.2,-45,-2.5,5374667,5.2,53540,0.3,32937,12.2,87,7.9,4536,7.9
"1014",13245,5,"522",75,0,2015,"A",NA,118,970,53689912,9515231,133331,1064,55350,NA,1.32,0.5,0.45,0.5,0.36,0.89,0.89,NA,-5,-4.1,-25,-2.5,4526635,9.2,-41549,-0.4,-9148,-6.4,114,12,5952,12
"1015",13245,5,"5221",76,0,2015,"A",NA,62,711,40580027,6478845,81186,1098,57088,NA,1.15,0.57,0.56,0.52,0.36,0.99,0.99,NA,-3,-4.6,4,0.6,4070343,11.1,-41147,-0.6,-5333,-6.2,105,10.6,5460,10.6
"1016",13245,5,"52211",77,0,2015,"A",NA,50,554,34896965,4788207,60816,1211,62962,NA,1.25,0.58,0.59,0.5,0.34,1.02,1.02,NA,-3,-5.7,2,0.4,4220501,13.8,-222460,-4.4,-9854,-13.9,142,13.3,7389,13.3
"1017",13245,5,"522110",78,0,2015,"A",NA,50,554,34896965,4788207,60816,1211,62962,NA,1.25,0.58,0.59,0.5,0.34,1.02,1.02,NA,-3,-5.7,2,0.4,4220501,13.8,-222460,-4.4,-9854,-13.9,142,13.3,7389,13.3
"1018",13245,5,"52213",77,0,2015,"A",NA,12,157,5683062,1690638,20370,698,36294,NA,1.49,0.85,0.77,0.92,0.76,0.91,0.91,NA,0,0,2,1.3,-150158,-2.6,181313,12,4521,28.5,-25,-3.5,-1299,-3.5
"1019",13245,5,"522130",78,0,2015,"A",NA,12,157,5683062,1690638,20370,698,36294,NA,1.49,0.85,0.77,0.92,0.76,0.91,0.91,NA,0,0,2,1.3,-150158,-2.6,181313,12,4521,28.5,-25,-3.5,-1299,-3.5
"1020",13245,5,"5222",76,0,2015,"A",NA,47,226,11982997,2755134,46860,1020,53061,NA,1.98,0.51,0.36,0.61,0.48,0.72,0.72,NA,-1,-2.1,-22,-8.9,531416,4.6,62743,2.3,-2620,-5.3,132,14.9,6901,15
"1021",13245,5,"52222",77,0,2015,"A","N",0,0,0,0,0,0,0,"N",0,0,0,0,0,0,0,"N",-1,-100,0,0,0,0,0,0,0,0,0,0,0,0
"1022",13245,5,"522220",78,0,2015,"A","N",0,0,0,0,0,0,0,"N",0,0,0,0,0,0,0,"N",-1,-100,0,0,0,0,0,0,0,0,0,0,0,0
"1023",13245,5,"52229",77,0,2015,"A","N",47,0,0,0,0,0,0,"N",2.31,0,0,0,0,0,0,"N",0,0,0,0,0,0,0,0,0,0,0,0,0,0
"1024",13245,5,"522291",78,0,2015,"A",NA,22,93,3181370,1054252,18940,660,34300,NA,2.78,1.18,0.83,1.31,1.12,0.7,0.7,NA,-2,-8.3,-5,-5.1,-154183,-4.6,-45725,-4.2,-5757,-23.3,8,1.2,408,1.2
"1025",13245,5,"522292",78,0,2015,"A",NA,10,80,6924691,1126485,10320,1670,86830,NA,1.41,0.5,0.55,0.64,0.24,1.12,1.12,NA,1,11.1,-10,-11.1,913215,15.2,158058,16.3,3557,52.6,385,30,20036,30
"1026",13245,5,"522298",78,0,2015,"A","N",14,0,0,0,0,0,0,"N",2.92,0,0,0,0,0,0,"N",-1,-6.7,0,0,0,0,0,0,0,0,0,0,0,0
"1027",13245,5,"5223",76,0,2015,"A",NA,10,33,1126888,281252,5285,650,33807,NA,0.83,0.15,0.08,0.13,0.1,0.5,0.5,NA,0,0,-7,-17.5,-75124,-6.2,-63145,-18.3,-1195,-18.4,72,12.5,3757,12.5
"1028",13245,5,"52231",77,0,2015,"A","N",2,0,0,0,0,0,0,"N",0.41,0,0,0,0,0,0,"N",0,0,0,0,0,0,0,0,0,0,0,0,0,0
"1029",13245,5,"522310",78,0,2015,"A","N",2,0,0,0,0,0,0,"N",0.41,0,0,0,0,0,0,"N",0,0,0,0,0,0,0,0,0,0,0,0,0,0
"1030",13245,5,"52232",77,0,2015,"A",NA,6,17,706121,104376,2480,787,40935,NA,2.05,0.18,0.11,0.12,0.14,0.62,0.62,NA,0,0,-1,-5.6,95247,15.6,-8900,-7.9,-657,-20.9,131,20,6840,20.1
"1031",13245,5,"522320",78,0,2015,"A",NA,6,17,706121,104376,2480,787,40935,NA,2.05,0.18,0.11,0.12,0.14,0.62,0.62,NA,0,0,-1,-5.6,95247,15.6,-8900,-7.9,-657,-20.9,131,20,6840,20.1
"1032",13245,5,"52239",77,0,2015,"A","N",2,0,0,0,0,0,0,"N",0.47,0,0,0,0,0,0,"N",0,0,0,0,0,0,0,0,0,0,0,0,0,0
"1033",13245,5,"522390",78,0,2015,"A","N",2,0,0,0,0,0,0,"N",0.47,0,0,0,0,0,0,"N",0,0,0,0,0,0,0,0,0,0,0,0,0,0
"1034",13245,5,"523",75,0,2015,"A",NA,35,190,23968819,1729138,23403,2422,125931,NA,0.69,0.28,0.2,0.23,0.15,0.72,0.72,NA,2,6.1,-7,-3.6,1050652,4.6,89135,5.4,541,2.4,182,8.1,9447,8.1
"1035",13245,5,"5231",76,0,2015,"A",NA,13,96,16835939,727650,9621,3373,175374,NA,0.78,0.29,0.27,0.19,0.12,0.95,0.95,NA,-3,-18.8,-25,-20.7,-1036231,-5.8,-108913,-13,-3788,-28.2,531,18.7,27568,18.7
"1036",13245,5,"52311",77,0,2015,"A","N",5,0,0,0,0,0,0,"N",1.42,0,0,0,0,0,0,"N",-3,-37.5,0,0,0,0,0,0,0,0,0,0,0,0
"1037",13245,5,"523110",78,0,2015,"A","N",5,0,0,0,0,0,0,"N",1.42,0,0,0,0,0,0,"N",-3,-37.5,0,0,0,0,0,0,0,0,0,0,0,0
"1038",13245,5,"52312",77,0,2015,"A","N",8,0,0,0,0,0,0,"N",0.69,0,0,0,0,0,0,"N",0,0,0,0,0,0,0,0,0,0,0,0,0,0
"1039",13245,5,"523120",78,0,2015,"A","N",8,0,0,0,0,0,0,"N",0.69,0,0,0,0,0,0,"N",0,0,0,0,0,0,0,0,0,0,0,0,0,0
"1040",13245,5,"5239",76,0,2015,"A",NA,22,94,7132880,1001488,13782,1454,75614,NA,0.65,0.28,0.13,0.27,0.17,0.45,0.45,NA,5,29.4,18,23.7,2086883,41.4,198048,24.7,4329,45.8,174,13.6,9073,13.6
"1041",13245,5,"52391",77,0,2015,"A","N",1,0,0,0,0,0,0,"N",0.33,0,0,0,0,0,0,"N",0,0,0,0,0,0,0,0,0,0,0,0,0,0
"1042",13245,5,"523910",78,0,2015,"A","N",1,0,0,0,0,0,0,"N",0.33,0,0,0,0,0,0,"N",0,0,0,0,0,0,0,0,0,0,0,0,0,0
"1043",13245,5,"52392",77,0,2015,"A",NA,5,10,1134881,158645,1363,2112,109827,NA,0.53,0.07,0.04,0.1,0.04,0.5,0.5,NA,1,25,1,11.1,60175,5.6,50425,46.6,526,62.8,-206,-8.9,-10701,-8.9
"1044",13245,5,"523920",78,0,2015,"A",NA,5,10,1134881,158645,1363,2112,109827,NA,0.53,0.07,0.04,0.1,0.04,0.5,0.5,NA,1,25,1,11.1,60175,5.6,50425,46.6,526,62.8,-206,-8.9,-10701,-8.9
"1045",13245,5,"52393",77,0,2015,"A",NA,15,56,4552094,537203,7224,1566,81409,NA,0.81,0.4,0.24,0.36,0.24,0.61,0.61,NA,4,36.4,16,40,1886080,70.7,127761,31.2,2475,52.1,279,21.7,14480,21.6
"1046",13245,5,"523930",78,0,2015,"A",NA,15,56,4552094,537203,7224,1566,81409,NA,0.81,0.4,0.24,0.36,0.24,0.61,0.61,NA,4,36.4,16,40,1886080,70.7,127761,31.2,2475,52.1,279,21.7,14480,21.6
"1047",13245,5,"52399",77,0,2015,"A","N",1,0,0,0,0,0,0,"N",0.35,0,0,0,0,0,0,"N",0,0,0,0,0,0,0,0,0,0,0,0,0,0
"1048",13245,5,"523991",78,0,2015,"A","N",1,0,0,0,0,0,0,"N",0.81,0,0,0,0,0,0,"N",0,0,0,0,0,0,0,0,0,0,0,0,0,0
"1049",13245,5,"524",75,0,2015,"A",NA,86,593,30902102,6551363,145621,1002,52126,NA,0.91,0.35,0.28,0.38,0.44,0.78,0.79,NA,0,0,-13,-2.1,-202620,-0.7,5954,0.1,41544,39.9,15,1.5,805,1.6
"1050",13245,5,"5241",76,0,2015,"A",NA,13,233,10735185,2530497,82811,886,46057,NA,0.89,0.26,0.17,0.27,0.48,0.63,0.63,NA,0,0,-11,-4.5,-325555,-2.9,-147656,-5.5,47494,134.5,13,1.5,664,1.5
"1051",13245,5,"52411",77,0,2015,"A",NA,7,210,9935207,2312806,81046,909,47292,NA,1.43,0.46,0.3,0.47,0.85,0.65,0.65,NA,0,0,-13,-5.8,-365248,-3.5,-147455,-6,46306,133.3,20,2.2,1084,2.3
"1052",13245,5,"524113",78,0,2015,"A","N",6,0,0,0,0,0,0,"N",2.18,0,0,0,0,0,0,"N",0,0,0,0,0,0,0,0,0,0,0,0,0,0
"1053",13245,5,"524114",78,0,2015,"A","N",1,0,0,0,0,0,0,"N",0.47,0,0,0,0,0,0,"N",0,0,0,0,0,0,0,0,0,0,0,0,0,0
"1054",13245,5,"52412",77,0,2015,"A",NA,6,23,799978,217691,1765,669,34782,NA,0.64,0.06,0.03,0.05,0.02,0.5,0.5,NA,0,0,2,9.5,39693,5.2,-201,-0.1,1188,205.9,-36,-5.1,-1858,-5.1
"1055",13245,5,"524126",78,0,2015,"A",NA,6,23,799978,217691,1765,669,34782,NA,0.98,0.07,0.03,0.06,0.03,0.49,0.49,NA,0,0,2,9.5,39693,5.2,-201,-0.1,1188,205.9,-36,-5.1,-1858,-5.1
"1056",13245,5,"5242",76,0,2015,"A",NA,73,360,20166917,4020866,62810,1078,56058,NA,0.91,0.45,0.42,0.49,0.4,0.94,0.94,NA,-1,-1.4,-2,-0.6,122935,0.6,153610,4,-5950,-8.7,14,1.3,752,1.4
"1057",13245,5,"52421",77,0,2015,"A",NA,65,305,17482302,3391357,46280,1103,57335,NA,0.93,0.53,0.51,0.59,0.45,0.96,0.96,NA,-1,-1.5,-11,-3.5,-561045,-3.1,6320,0.2,-7431,-13.8,6,0.5,266,0.5
"1058",13245,5,"524210",78,0,2015,"A",NA,65,305,17482302,3391357,46280,1103,57335,NA,0.93,0.53,0.51,0.59,0.45,0.96,0.96,NA,-1,-1.5,-11,-3.5,-561045,-3.1,6320,0.2,-7431,-13.8,6,0.5,266,0.5
"1059",13245,5,"52429",77,0,2015,"A",NA,8,55,2684615,629509,16530,942,48960,NA,0.76,0.24,0.19,0.25,0.31,0.82,0.82,NA,0,0,9,19.6,683980,34.2,147290,30.5,1481,9.8,110,13.2,5703,13.2
"1060",13245,5,"524291",78,0,2015,"A","N",3,0,0,0,0,0,0,"N",0.9,0,0,0,0,0,0,"N",0,0,0,0,0,0,0,0,0,0,0,0,0,0
"1061",13245,5,"524292",78,0,2015,"A","N",2,0,0,0,0,0,0,"N",0.59,0,0,0,0,0,0,"N",0,0,0,0,0,0,0,0,0,0,0,0,0,0
"1062",13245,5,"524298",78,0,2015,"A","N",3,0,0,0,0,0,0,"N",0.8,0,0,0,0,0,0,"N",0,0,0,0,0,0,0,0,0,0,0,0,0,0
"1063",13245,5,"53",74,0,2015,"A",NA,205,985,41065824,11143689,231881,802,41681,NA,1.12,0.63,0.59,0.74,0.68,0.94,0.94,NA,2,1,7,0.7,1623341,4.1,480828,4.5,-23893,-9.3,26,3.4,1331,3.3
"1064",13245,5,"531",75,0,2015,"A",NA,153,621,29076066,7376198,172352,901,46834,NA,0.99,0.54,0.56,0.68,0.7,1.04,1.04,NA,3,2,-7,-1.1,465824,1.6,5507,0.1,-16041,-8.5,25,2.9,1306,2.9
"1065",13245,5,"5311",76,0,2015,"A",NA,79,261,9847225,3037656,67301,726,37741,NA,1.46,0.59,0.55,0.76,0.76,0.93,0.93,NA,-2,-2.5,-19,-6.8,79786,0.8,-89416,-2.9,-11797,-14.9,55,8.2,2847,8.2
"1066",13245,5,"53111",77,0,2015,"A",NA,44,151,5383438,1883183,47773,685,35632,NA,1.46,0.57,0.61,0.8,0.89,1.06,1.06,NA,-5,-10.2,-22,-12.7,-388758,-6.7,-86638,-4.4,-12312,-20.5,41,6.4,2170,6.5
"1067",13245,5,"531110",78,0,2015,"A",NA,44,151,5383438,1883183,47773,685,35632,NA,1.46,0.57,0.61,0.8,0.89,1.06,1.06,NA,-5,-10.2,-22,-12.7,-388758,-6.7,-86638,-4.4,-12312,-20.5,41,6.4,2170,6.5
"1068",13245,5,"53112",77,0,2015,"A",NA,14,48,2635856,568619,10755,1052,54724,NA,1.18,0.44,0.39,0.53,0.48,0.87,0.88,NA,0,0,-2,-4,111560,4.4,9590,1.7,-666,-5.8,86,8.9,4489,8.9
"1069",13245,5,"531120",78,0,2015,"A",NA,14,48,2635856,568619,10755,1052,54724,NA,1.18,0.44,0.39,0.53,0.48,0.87,0.88,NA,0,0,-2,-4,111560,4.4,9590,1.7,-666,-5.8,86,8.9,4489,8.9
"1070",13245,5,"53113",77,0,2015,"A",NA,16,25,737665,293517,4486,562,29214,NA,2.25,0.67,0.71,0.92,0.65,1.05,1.05,NA,4,33.3,-3,-10.7,60483,8.9,-23869,-7.5,-380,-7.8,101,21.9,5243,21.9
"1071",13245,5,"531130",78,0,2015,"A",NA,16,25,737665,293517,4486,562,29214,NA,2.25,0.67,0.71,0.92,0.65,1.05,1.05,NA,4,33.3,-3,-10.7,60483,8.9,-23869,-7.5,-380,-7.8,101,21.9,5243,21.9
"1072",13245,5,"53119",77,0,2015,"A",NA,6,36,1090266,292337,4287,576,29939,NA,1.2,1.16,0.95,1.13,0.75,0.81,0.81,NA,0,0,7,24.1,296501,37.4,11501,4.1,1561,57.3,48,9.1,2489,9.1
"1073",13245,5,"531190",78,0,2015,"A",NA,6,36,1090266,292337,4287,576,29939,NA,1.2,1.16,0.95,1.13,0.75,0.81,0.81,NA,0,0,7,24.1,296501,37.4,11501,4.1,1561,57.3,48,9.1,2489,9.1
"1074",13245,5,"5312",76,0,2015,"A",NA,34,189,12973548,2265005,41623,1322,68734,NA,0.68,0.85,1.05,1.01,0.9,1.23,1.23,NA,2,6.2,-3,-1.6,-431797,-3.2,-31035,-1.4,-8389,-16.8,-24,-1.8,-1268,-1.8
"1075",13245,5,"53121",77,0,2015,"A",NA,34,189,12973548,2265005,41623,1322,68734,NA,0.68,0.85,1.05,1.01,0.9,1.23,1.23,NA,2,6.2,-3,-1.6,-431797,-3.2,-31035,-1.4,-8389,-16.8,-24,-1.8,-1268,-1.8
"1076",13245,5,"531210",78,0,2015,"A",NA,34,189,12973548,2265005,41623,1322,68734,NA,0.68,0.85,1.05,1.01,0.9,1.23,1.23,NA,2,6.2,-3,-1.6,-431797,-3.2,-31035,-1.4,-8389,-16.8,-24,-1.8,-1268,-1.8
"1077",13245,5,"5313",76,0,2015,"A",NA,40,171,6255293,2073537,63428,703,36545,NA,0.8,0.35,0.29,0.45,0.58,0.82,0.82,NA,2,5.3,14,8.9,817835,15,125958,6.5,4145,7,37,5.6,1912,5.5
"1078",13245,5,"53131",77,0,2015,"A",NA,26,127,4290559,1588138,56090,652,33917,NA,0.71,0.3,0.24,0.4,0.58,0.81,0.81,NA,2,8.3,-13,-9.3,-325085,-7,-142838,-8.3,-2561,-4.4,17,2.7,889,2.7
"1079",13245,5,"531311",78,0,2015,"A",NA,19,111,3564265,1371922,51205,618,32110,NA,0.71,0.36,0.33,0.48,0.72,0.91,0.91,NA,2,11.8,-13,-10.5,-393862,-10,-150909,-9.9,-2381,-4.4,2,0.3,104,0.3
"1080",13245,5,"531312",78,0,2015,"A",NA,8,16,726294,216216,4885,901,46858,NA,0.81,0.14,0.11,0.2,0.2,0.77,0.77,NA,0,0,0,0,68777,10.5,8071,3.9,-180,-3.6,115,14.6,5976,14.6
"1081",13245,5,"53132",77,0,2015,"A","N",12,0,0,0,0,0,0,"N",1.84,0,0,0,0,0,0,"N",0,0,0,0,0,0,0,0,0,0,0,0,0,0
"1082",13245,5,"531320",78,0,2015,"A","N",12,0,0,0,0,0,0,"N",1.84,0,0,0,0,0,0,"N",0,0,0,0,0,0,0,0,0,0,0,0,0,0
"1083",13245,5,"53139",77,0,2015,"A","N",2,0,0,0,0,0,0,"N",0.3,0,0,0,0,0,0,"N",0,0,0,0,0,0,0,0,0,0,0,0,0,0
"1084",13245,5,"531390",78,0,2015,"A","N",2,0,0,0,0,0,0,"N",0.3,0,0,0,0,0,0,"N",0,0,0,0,0,0,0,0,0,0,0,0,0,0
"1085",13245,5,"532",75,0,2015,"A",NA,51,364,11989758,3767491,59529,633,32901,NA,1.88,0.9,0.74,0.97,0.66,0.82,0.82,NA,-2,-3.8,15,4.3,1157517,10.7,475321,14.4,-7852,-11.7,36,6,1870,6
"1086",13245,5,"5321",76,0,2015,"A",NA,29,242,6572777,2527352,28297,522,27132,NA,3.59,1.61,1.26,1.89,1.08,0.78,0.78,NA,2,7.4,22,10,1111655,20.4,475203,23.2,1688,6.3,44,9.2,2262,9.1
"1087",13245,5,"53211",77,0,2015,"A",NA,16,160,4166693,1810882,17280,501,26042,NA,3.04,1.65,1.31,2.15,1.12,0.8,0.8,NA,0,0,28,21.2,1285001,44.6,521792,40.5,9007,108.9,82,19.6,4266,19.6
"1088",13245,5,"532111",78,0,2015,"A","N",15,0,0,0,0,0,0,"N",3.1,0,0,0,0,0,0,"N",0,0,0,0,0,0,0,0,0,0,0,0,0,0
"1089",13245,5,"532112",78,0,2015,"A","N",1,0,0,0,0,0,0,"N",2.39,0,0,0,0,0,0,"N",0,0,0,0,0,0,0,0,0,0,0,0,0,0
"1090",13245,5,"53212",77,0,2015,"A",NA,13,82,2406084,716470,11017,563,29253,NA,4.6,1.54,1.18,1.46,1.03,0.76,0.76,NA,2,18.2,-5,-5.7,-173346,-6.7,-46589,-6.1,-7319,-39.9,-6,-1.1,-311,-1.1
"1091",13245,5,"532120",78,0,2015,"A",NA,13,82,2406084,716470,11017,563,29253,NA,4.6,1.54,1.18,1.46,1.03,0.76,0.76,NA,2,18.2,-5,-5.7,-173346,-6.7,-46589,-6.1,-7319,-39.9,-6,-1.1,-311,-1.1
"1092",13245,5,"5322",76,0,2015,"A",NA,16,65,2070438,648020,18591,616,32017,NA,1.63,0.55,0.57,0.59,0.62,1.05,1.05,NA,-3,-15.8,-12,-15.6,-245426,-10.6,-82945,-11.3,-7862,-29.7,35,6,1810,6
"1093",13245,5,"53221",77,0,2015,"A","N",4,0,0,0,0,0,0,"N",2.2,0,0,0,0,0,0,"N",-2,-33.3,0,0,0,0,0,0,0,0,0,0,0,0
"1094",13245,5,"532210",78,0,2015,"A","N",4,0,0,0,0,0,0,"N",2.2,0,0,0,0,0,0,"N",-2,-33.3,0,0,0,0,0,0,0,0,0,0,0,0
"1095",13245,5,"53222",77,0,2015,"A","N",1,0,0,0,0,0,0,"N",1.83,0,0,0,0,0,0,"N",-1,-50,0,0,0,0,0,0,0,0,0,0,0,0
"1096",13245,5,"532220",78,0,2015,"A","N",1,0,0,0,0,0,0,"N",1.83,0,0,0,0,0,0,"N",-1,-50,0,0,0,0,0,0,0,0,0,0,0,0
"1097",13245,5,"53223",77,0,2015,"A","N",5,0,0,0,0,0,0,"N",4.18,0,0,0,0,0,0,"N",0,0,0,0,0,0,0,0,0,0,0,0,0,0
"1098",13245,5,"532230",78,0,2015,"A","N",5,0,0,0,0,0,0,"N",4.18,0,0,0,0,0,0,"N",0,0,0,0,0,0,0,0,0,0,0,0,0,0
"1099",13245,5,"53229",77,0,2015,"A",NA,6,23,662349,227011,8967,556,28903,NA,0.96,0.28,0.25,0.28,0.4,0.91,0.91,NA,-1,-14.3,-1,-4.2,-65988,-9.1,-40908,-15.3,-4566,-33.7,-22,-3.8,-1132,-3.8
"1100",13245,5,"532291",78,0,2015,"A","N",3,0,0,0,0,0,0,"N",1.83,0,0,0,0,0,0,"N",0,0,0,0,0,0,0,0,0,0,0,0,0,0
"1101",13245,5,"532299",78,0,2015,"A","N",3,0,0,0,0,0,0,"N",0.87,0,0,0,0,0,0,"N",-1,-25,0,0,0,0,0,0,0,0,0,0,0,0
"1102",13245,5,"5324",76,0,2015,"A",NA,6,58,3346543,592119,12641,1119,58201,NA,0.85,0.54,0.54,0.51,0.46,1.01,1.01,NA,-1,-14.3,5,9.4,291288,9.5,83063,16.3,-1678,-11.7,7,0.6,373,0.6
"1103",13245,5,"53241",77,0,2015,"A","N",2,0,0,0,0,0,0,"N",0.62,0,0,0,0,0,0,"N",0,0,0,0,0,0,0,0,0,0,0,0,0,0
"1104",13245,5,"532412",78,0,2015,"A","N",2,0,0,0,0,0,0,"N",0.72,0,0,0,0,0,0,"N",0,0,0,0,0,0,0,0,0,0,0,0,0,0
"1105",13245,5,"53242",77,0,2015,"A","N",1,0,0,0,0,0,0,"N",2.07,0,0,0,0,0,0,"N",0,0,0,0,0,0,0,0,0,0,0,0,0,0
"1106",13245,5,"532420",78,0,2015,"A","N",1,0,0,0,0,0,0,"N",2.07,0,0,0,0,0,0,"N",0,0,0,0,0,0,0,0,0,0,0,0,0,0
"1107",13245,5,"53249",77,0,2015,"A",NA,3,12,597821,105169,3900,965,50167,NA,0.88,0.27,0.27,0.23,0.32,1.01,1.01,NA,-1,-25,1,9.1,117095,24.4,28100,36.5,424,12.2,91,10.4,4744,10.4
"1108",13245,5,"532490",78,0,2015,"A",NA,3,12,597821,105169,3900,965,50167,NA,0.88,0.27,0.27,0.23,0.32,1.01,1.01,NA,-1,-25,1,9.1,117095,24.4,28100,36.5,424,12.2,91,10.4,4744,10.4
"1109",13245,5,"54",74,0,2015,"A",NA,501,4344,281211923,51666486,983463,1245,64739,NA,0.88,0.67,0.59,0.77,0.65,0.88,0.88,NA,21,4.4,169,4,21918159,8.5,2427941,4.9,-73431,-6.9,51,4.3,2629,4.2
"1110",13245,5,"541",75,0,2015,"A",NA,501,4344,281211923,51666486,983463,1245,64739,NA,0.88,0.67,0.59,0.77,0.65,0.88,0.88,NA,21,4.4,169,4,21918159,8.5,2427941,4.9,-73431,-6.9,51,4.3,2629,4.2
"1111",13245,5,"5411",76,0,2015,"A",NA,170,543,34645760,6687714,97267,1226,63775,NA,1.8,0.65,0.55,0.8,0.6,0.86,0.86,NA,3,1.8,18,3.4,1474751,4.4,253070,3.9,-6741,-6.5,10,0.8,542,0.9
"1112",13245,5,"54111",77,0,2015,"A","N",168,0,0,0,0,0,0,"N",1.92,0,0,0,0,0,0,"N",3,1.8,0,0,0,0,0,0,0,0,0,0,0,0
"1113",13245,5,"541110",78,0,2015,"A","N",168,0,0,0,0,0,0,"N",1.92,0,0,0,0,0,0,"N",3,1.8,0,0,0,0,0,0,0,0,0,0,0,0
"1114",13245,5,"54119",77,0,2015,"A","N",2,0,0,0,0,0,0,"N",0.3,0,0,0,0,0,0,"N",0,0,0,0,0,0,0,0,0,0,0,0,0,0
"1115",13245,5,"541191",78,0,2015,"A","N",2,0,0,0,0,0,0,"N",0.46,0,0,0,0,0,0,"N",0,0,0,0,0,0,0,0,0,0,0,0,0,0
"1116",13245,5,"5412",76,0,2015,"A",NA,89,1926,123370314,21543521,369848,1232,64066,NA,1.25,2.61,2.94,2.85,2.3,1.13,1.13,NA,10,12.7,15,0.8,11106645,9.9,619044,3,-23169,-5.9,102,9,5317,9.1
"1117",13245,5,"54121",77,0,2015,"A",NA,89,1926,123370314,21543521,369848,1232,64066,NA,1.25,2.61,2.94,2.85,2.3,1.13,1.13,NA,10,12.7,15,0.8,11106645,9.9,619044,3,-23169,-5.9,102,9,5317,9.1
"1118",13245,5,"541211",78,0,2015,"A",NA,21,279,19031306,3378301,46535,1311,68172,NA,0.78,0.82,0.81,0.95,0.8,0.99,0.99,NA,-1,-4.5,11,4.1,1564754,9,219177,6.9,-10882,-19,57,4.5,2958,4.5
"1119",13245,5,"541213",78,0,2015,"A","N",26,0,0,0,0,0,0,"N",1.53,0,0,0,0,0,0,"N",11,73.3,0,0,0,0,0,0,0,0,0,0,0,0
"1120",13245,5,"541214",78,0,2015,"A","N",4,0,0,0,0,0,0,"N",0.85,0,0,0,0,0,0,"N",0,0,0,0,0,0,0,0,0,0,0,0,0,0
"1121",13245,5,"541219",78,0,2015,"A",NA,39,931,47559893,10188414,193900,983,51094,NA,1.72,4.98,5.56,5.62,5.46,1.12,1.11,NA,0,0,-8,-0.9,6145469,14.8,-134111,-1.3,18667,10.7,134,15.8,6970,15.8
"1122",13245,5,"5413",76,0,2015,"A",NA,84,850,60393252,10329900,169662,1366,71037,NA,1.31,0.81,0.81,0.94,0.6,1,1,NA,7,9.1,91,12,4838441,8.7,1420410,15.9,19555,13,-42,-3,-2158,-2.9
"1123",13245,5,"54131",77,0,2015,"A",NA,16,78,3695382,833872,6958,917,47682,NA,1.4,0.6,0.42,0.6,0.2,0.72,0.72,NA,1,6.7,6,8.3,305004,9,29943,3.7,68,1,6,0.7,319,0.7
"1124",13245,5,"541310",78,0,2015,"A",NA,16,78,3695382,833872,6958,917,47682,NA,1.4,0.6,0.42,0.6,0.2,0.72,0.72,NA,1,6.7,6,8.3,305004,9,29943,3.7,68,1,6,0.7,319,0.7
"1125",13245,5,"54132",77,0,2015,"A","N",1,0,0,0,0,0,0,"N",0.31,0,0,0,0,0,0,"N",0,0,0,0,0,0,0,0,0,0,0,0,0,0
"1126",13245,5,"541320",78,0,2015,"A","N",1,0,0,0,0,0,0,"N",0.31,0,0,0,0,0,0,"N",0,0,0,0,0,0,0,0,0,0,0,0,0,0
"1127",13245,5,"54133",77,0,2015,"A",NA,56,649,48843473,7973841,137814,1447,75250,NA,1.58,0.92,0.91,1.07,0.72,0.98,0.99,NA,6,12,72,12.5,3222725,7.1,1148027,16.8,23564,20.6,-74,-4.9,-3861,-4.9
"1128",13245,5,"541330",78,0,2015,"A",NA,56,649,48843473,7973841,137814,1447,75250,NA,1.58,0.92,0.91,1.07,0.72,0.98,0.99,NA,6,12,72,12.5,3222725,7.1,1148027,16.8,23564,20.6,-74,-4.9,-3861,-4.9
"1129",13245,5,"54134",77,0,2015,"A","N",3,0,0,0,0,0,0,"N",2.45,0,0,0,0,0,0,"N",0,0,0,0,0,0,0,0,0,0,0,0,0,0
"1130",13245,5,"541340",78,0,2015,"A","N",3,0,0,0,0,0,0,"N",2.45,0,0,0,0,0,0,"N",0,0,0,0,0,0,0,0,0,0,0,0,0,0
"1131",13245,5,"54137",77,0,2015,"A",NA,3,16,504744,171884,5351,626,32564,NA,0.76,0.46,0.32,0.5,0.58,0.71,0.71,NA,0,0,-1,-5.9,-131368,-20.7,-2951,-1.7,-2548,-32.3,-115,-15.5,-5988,-15.5
"1132",13245,5,"541370",78,0,2015,"A",NA,3,16,504744,171884,5351,626,32564,NA,0.76,0.46,0.32,0.5,0.58,0.71,0.71,NA,0,0,-1,-5.9,-131368,-20.7,-2951,-1.7,-2548,-32.3,-115,-15.5,-5988,-15.5
"1133",13245,5,"54138",77,0,2015,"A","N",5,0,0,0,0,0,0,"N",1.07,0,0,0,0,0,0,"N",0,0,0,0,0,0,0,0,0,0,0,0,0,0
"1134",13245,5,"541380",78,0,2015,"A","N",5,0,0,0,0,0,0,"N",1.07,0,0,0,0,0,0,"N",0,0,0,0,0,0,0,0,0,0,0,0,0,0
"1135",13245,5,"5414",76,0,2015,"A",NA,11,52,2300756,641117,8081,851,44245,NA,0.64,0.52,0.43,0.64,0.35,0.83,0.83,NA,0,0,11,26.8,507715,28.3,187048,41.2,-3848,-32.3,0,0,-28,-0.1
"1136",13245,5,"54141",77,0,2015,"A",NA,7,20,527689,217427,4547,507,26384,NA,1.12,0.69,0.39,0.79,0.72,0.57,0.57,"N",0,0,0,0,0,0,0,0,0,0,0,0,0,0
"1137",13245,5,"541410",78,0,2015,"A",NA,7,20,527689,217427,4547,507,26384,NA,1.12,0.69,0.39,0.79,0.72,0.57,0.57,"N",0,0,0,0,0,0,0,0,0,0,0,0,0,0
"1138",13245,5,"54143",77,0,2015,"A",NA,4,32,1773067,423690,3534,1066,55408,NA,0.49,0.68,0.74,0.87,0.33,1.08,1.08,"N",0,0,0,0,0,0,0,0,0,0,0,0,0,0
"1139",13245,5,"541430",78,0,2015,"A",NA,4,32,1773067,423690,3534,1066,55408,NA,0.49,0.68,0.74,0.87,0.33,1.08,1.08,"N",0,0,0,0,0,0,0,0,0,0,0,0,0,0
"1140",13245,5,"5415",76,0,2015,"A",NA,59,394,28090458,5015793,119478,1370,71235,NA,0.49,0.28,0.23,0.31,0.33,0.82,0.82,NA,-2,-3.3,16,4.2,1282011,4.8,-148927,-2.9,-21077,-15,8,0.6,391,0.6
"1141",13245,5,"54151",77,0,2015,"A",NA,59,394,28090458,5015793,119478,1370,71235,NA,0.49,0.28,0.23,0.31,0.33,0.82,0.82,NA,-2,-3.3,16,4.2,1282011,4.8,-148927,-2.9,-21077,-15,8,0.6,391,0.6
"1142",13245,5,"541511",78,0,2015,"A",NA,17,95,6901425,1429049,26730,1397,72647,NA,0.32,0.15,0.12,0.21,0.17,0.81,0.81,NA,-1,-5.6,1,1.1,-631793,-8.4,140779,10.9,8,0,-144,-9.3,-7494,-9.4
"1143",13245,5,"541512",78,0,2015,"A",NA,30,237,16102772,3002147,68866,1308,67992,NA,0.52,0.35,0.28,0.39,0.39,0.79,0.79,NA,-3,-9.1,2,0.9,837208,5.5,-110620,-3.6,-14545,-17.4,57,4.6,2940,4.5
"1144",13245,5,"541513",78,0,2015,"A","N",6,0,0,0,0,0,0,"N",3.3,0,0,0,0,0,0,"N",0,0,0,0,0,0,0,0,0,0,0,0,0,0
"1145",13245,5,"541519",78,0,2015,"A","N",6,0,0,0,0,0,0,"N",0.75,0,0,0,0,0,0,"N",2,50,0,0,0,0,0,0,0,0,0,0,0,0
"1146",13245,5,"5416",76,0,2015,"A",NA,41,207,13945241,3153087,114681,1298,67477,NA,0.34,0.22,0.2,0.31,0.49,0.91,0.91,NA,1,2.5,-30,-12.7,-1697594,-10.9,-510861,-13.9,-46921,-29,31,2.4,1589,2.4
"1147",13245,5,"54161",77,0,2015,"A",NA,33,140,9076690,1595880,19217,1244,64680,NA,0.36,0.19,0.16,0.2,0.11,0.84,0.84,NA,-1,-2.9,-6,-4.1,-597046,-6.2,-430832,-21.3,-37021,-65.8,-28,-2.2,-1465,-2.2
"1148",13245,5,"541611",78,0,2015,"A",NA,19,103,7165751,1136478,14686,1334,69346,NA,0.4,0.28,0.22,0.28,0.17,0.79,0.79,NA,-3,-13.6,-6,-5.5,-698913,-8.9,-369622,-24.5,-26651,-64.5,-58,-4.2,-3028,-4.2
"1149",13245,5,"541612",78,0,2015,"A","N",1,0,0,0,0,0,0,"N",0.2,0,0,0,0,0,0,"N",1,100,0,0,0,0,0,0,0,0,0,0,0,0
"1150",13245,5,"541613",78,0,2015,"A",NA,8,11,456588,120900,611,811,42147,NA,0.38,0.07,0.04,0.07,0.01,0.66,0.66,NA,1,14.3,1,10,57989,14.5,-4014,-3.2,-1415,-69.8,44,5.7,2287,5.7
"1151",13245,5,"541614",78,0,2015,"A","N",3,0,0,0,0,0,0,"N",0.43,0,0,0,0,0,0,"N",0,0,0,0,0,0,0,0,0,0,0,0,0,0
"1152",13245,5,"541618",78,0,2015,"A","N",2,0,0,0,0,0,0,"N",0.18,0,0,0,0,0,0,"N",0,0,0,0,0,0,0,0,0,0,0,0,0,0
"1153",13245,5,"54162",77,0,2015,"A","N",4,0,0,0,0,0,0,"N",0.68,0,0,0,0,0,0,"N",1,33.3,0,0,0,0,0,0,0,0,0,0,0,0
"1154",13245,5,"541620",78,0,2015,"A","N",4,0,0,0,0,0,0,"N",0.68,0,0,0,0,0,0,"N",1,33.3,0,0,0,0,0,0,0,0,0,0,0,0
"1155",13245,5,"54169",77,0,2015,"A","N",4,0,0,0,0,0,0,"N",0.17,0,0,0,0,0,0,"N",1,33.3,0,0,0,0,0,0,0,0,0,0,0,0
"1156",13245,5,"541690",78,0,2015,"A","N",4,0,0,0,0,0,0,"N",0.17,0,0,0,0,0,0,"N",1,33.3,0,0,0,0,0,0,0,0,0,0,0,0
"1157",13245,5,"5417",76,0,2015,"A",NA,15,131,8697012,1349685,58324,1278,66474,NA,1.1,0.26,0.17,0.29,0.57,0.63,0.63,NA,3,25,37,39.4,3507266,67.6,288600,27.2,9975,20.6,214,20.1,11166,20.2
"1158",13245,5,"54171",77,0,2015,"A",NA,12,100,6802564,966161,43869,1306,67912,NA,1.04,0.22,0.14,0.22,0.45,0.61,0.61,NA,3,33.3,31,44.9,2863038,72.7,216259,28.8,9609,28,212,19.4,11024,19.4
"1159",13245,5,"541711",78,0,2015,"A","N",3,0,0,0,0,0,0,"N",0.79,0,0,0,0,0,0,"N",2,200,0,0,0,0,0,0,0,0,0,0,0,0
"1160",13245,5,"541712",78,0,2015,"A","N",9,0,0,0,0,0,0,"N",1.16,0,0,0,0,0,0,"N",0,0,0,0,0,0,0,0,0,0,0,0,0,0
"1161",13245,5,"54172",77,0,2015,"A",NA,3,31,1894448,383524,14455,1188,61775,NA,1.45,0.68,0.7,1.21,2.22,1.04,1.04,NA,0,0,6,24,644228,51.5,72341,23.2,366,2.6,210,21.5,10919,21.5
"1162",13245,5,"541720",78,0,2015,"A",NA,3,31,1894448,383524,14455,1188,61775,NA,1.45,0.68,0.7,1.21,2.22,1.04,1.04,NA,0,0,6,24,644228,51.5,72341,23.2,366,2.6,210,21.5,10919,21.5
"1163",13245,5,"5418",76,0,2015,"A",NA,17,103,4350312,1152909,22371,814,42304,NA,0.69,0.29,0.19,0.32,0.25,0.68,0.68,NA,2,13.3,0,0,223160,5.4,-2421,-0.2,-6799,-23.3,40,5.2,2072,5.2
"1164",13245,5,"54181",77,0,2015,"A",NA,8,43,1746894,464372,6624,781,40625,NA,0.84,0.29,0.15,0.29,0.16,0.52,0.52,NA,2,33.3,8,22.9,274571,18.6,62958,15.7,-99,-1.5,-22,-2.7,-1143,-2.7
"1165",13245,5,"541810",78,0,2015,"A",NA,8,43,1746894,464372,6624,781,40625,NA,0.84,0.29,0.15,0.29,0.16,0.52,0.52,NA,2,33.3,8,22.9,274571,18.6,62958,15.7,-99,-1.5,-22,-2.7,-1143,-2.7
"1166",13245,5,"54182",77,0,2015,"A","N",1,0,0,0,0,0,0,"N",0.2,0,0,0,0,0,0,"N",0,0,0,0,0,0,0,0,0,0,0,0,0,0
"1167",13245,5,"541820",78,0,2015,"A","N",1,0,0,0,0,0,0,"N",0.2,0,0,0,0,0,0,"N",0,0,0,0,0,0,0,0,0,0,0,0,0,0
"1168",13245,5,"54184",77,0,2015,"A","N",2,0,0,0,0,0,0,"N",1.11,0,0,0,0,0,0,"N",1,100,0,0,0,0,0,0,0,0,0,0,0,0
"1169",13245,5,"541840",78,0,2015,"A","N",2,0,0,0,0,0,0,"N",1.11,0,0,0,0,0,0,"N",1,100,0,0,0,0,0,0,0,0,0,0,0,0
"1170",13245,5,"54185",77,0,2015,"A","N",3,0,0,0,0,0,0,"N",1.82,0,0,0,0,0,0,"N",0,0,0,0,0,0,0,0,0,0,0,0,0,0
"1171",13245,5,"541850",78,0,2015,"A","N",3,0,0,0,0,0,0,"N",1.82,0,0,0,0,0,0,"N",0,0,0,0,0,0,0,0,0,0,0,0,0,0
"1172",13245,5,"54189",77,0,2015,"A",NA,4,13,395144,164443,6658,581,30202,NA,0.96,0.18,0.21,0.29,0.53,1.15,1.15,NA,0,0,-2,-13.3,6117,1.6,-17983,-9.9,-102,-1.5,74,14.6,3827,14.5
"1173",13245,5,"541890",78,0,2015,"A",NA,4,13,395144,164443,6658,581,30202,NA,0.96,0.18,0.21,0.29,0.53,1.15,1.15,NA,0,0,-2,-13.3,6117,1.6,-17983,-9.9,-102,-1.5,74,14.6,3827,14.5
"1174",13245,5,"5419",76,0,2015,"A",NA,17,138,5418818,1792760,23751,755,39267,NA,0.4,0.28,0.27,0.39,0.27,0.98,0.98,NA,-1,-5.6,10,7.8,675764,14.2,321978,21.9,5594,30.8,40,5.6,2067,5.6
"1175",13245,5,"54192",77,0,2015,"A","N",1,0,0,0,0,0,0,"N",0.15,0,0,0,0,0,0,"N",-1,-50,0,0,0,0,0,0,0,0,0,0,0,0
"1176",13245,5,"541921",78,0,2015,"A","N",1,0,0,0,0,0,0,"N",0.2,0,0,0,0,0,0,"N",-1,-50,0,0,0,0,0,0,0,0,0,0,0,0
"1177",13245,5,"54194",77,0,2015,"A",NA,13,123,4374440,1519057,8775,684,35565,NA,0.87,0.48,0.57,0.67,0.3,1.19,1.19,NA,0,0,7,6,341001,8.5,265182,21.1,3260,59.1,17,2.5,869,2.5
"1178",13245,5,"541940",78,0,2015,"A",NA,13,123,4374440,1519057,8775,684,35565,NA,0.87,0.48,0.57,0.67,0.3,1.19,1.19,NA,0,0,7,6,341001,8.5,265182,21.1,3260,59.1,17,2.5,869,2.5
"1179",13245,5,"54199",77,0,2015,"A","N",3,0,0,0,0,0,0,"N",0.2,0,0,0,0,0,0,"N",0,0,0,0,0,0,0,0,0,0,0,0,0,0
"1180",13245,5,"541990",78,0,2015,"A","N",3,0,0,0,0,0,0,"N",0.2,0,0,0,0,0,0,"N",0,0,0,0,0,0,0,0,0,0,0,0,0,0
"1181",13245,5,"55",74,0,2015,"A",NA,23,317,16576961,4135637,147127,1007,52362,NA,0.75,0.19,0.11,0.19,0.33,0.55,0.55,NA,-2,-8,-3,-0.9,-2013377,-10.8,-499326,-10.8,-18131,-11,-112,-10,-5809,-10
"1182",13245,5,"551",75,0,2015,"A",NA,23,317,16576961,4135637,147127,1007,52362,NA,0.75,0.19,0.11,0.19,0.33,0.55,0.55,NA,-2,-8,-3,-0.9,-2013377,-10.8,-499326,-10.8,-18131,-11,-112,-10,-5809,-10
"1183",13245,5,"5511",76,0,2015,"A",NA,23,317,16576961,4135637,147127,1007,52362,NA,0.75,0.19,0.11,0.19,0.33,0.55,0.55,NA,-2,-8,-3,-0.9,-2013377,-10.8,-499326,-10.8,-18131,-11,-112,-10,-5809,-10
"1184",13245,5,"55111",77,0,2015,"A",NA,23,317,16576961,4135637,147127,1007,52362,NA,0.75,0.19,0.11,0.19,0.33,0.55,0.55,NA,-2,-8,-3,-0.9,-2013377,-10.8,-499326,-10.8,-18131,-11,-112,-10,-5809,-10
"1185",13245,5,"551111",78,0,2015,"A","N",1,0,0,0,0,0,0,"N",1.89,0,0,0,0,0,0,"N",0,0,0,0,0,0,0,0,0,0,0,0,0,0
"1186",13245,5,"551112",78,0,2015,"A","N",1,0,0,0,0,0,0,"N",0.23,0,0,0,0,0,0,"N",0,0,0,0,0,0,0,0,0,0,0,0,0,0
"1187",13245,5,"551114",78,0,2015,"A",NA,21,305,15571786,4008431,143342,982,51055,NA,0.82,0.19,0.1,0.19,0.33,0.54,0.54,NA,-2,-8.7,4,1.3,-1103501,-6.6,-298090,-6.9,-20257,-12.4,-83,-7.8,-4345,-7.8
"1188",13245,5,"56",74,0,2015,"A",NA,255,9057,218452680,96194204,2870969,464,24119,NA,1,1.37,1.09,1.44,1.54,0.79,0.79,NA,4,1.6,159,1.8,13075344,6.4,184065,0.2,-357490,-11.1,20,4.5,1038,4.5
"1189",13245,5,"561",75,0,2015,"A",NA,240,8895,212069451,94344914,2838348,458,23840,NA,0.99,1.41,1.13,1.48,1.59,0.8,0.8,NA,3,1.3,154,1.8,12636837,6.3,171884,0.2,-368172,-11.5,19,4.3,1023,4.5
"1190",13245,5,"5611",76,0,2015,"A",NA,16,613,13656819,6788499,126598,428,22264,NA,0.67,1.72,0.55,2.01,1.68,0.32,0.32,NA,-1,-5.9,107,21.1,2911462,27.1,949294,16.3,23381,22.7,19,4.6,1007,4.7
"1191",13245,5,"56111",77,0,2015,"A",NA,16,613,13656819,6788499,126598,428,22264,NA,0.67,1.72,0.55,2.01,1.68,0.32,0.32,NA,-1,-5.9,107,21.1,2911462,27.1,949294,16.3,23381,22.7,19,4.6,1007,4.7
"1192",13245,5,"561110",78,0,2015,"A",NA,16,613,13656819,6788499,126598,428,22264,NA,0.67,1.72,0.55,2.01,1.68,0.32,0.32,NA,-1,-5.9,107,21.1,2911462,27.1,949294,16.3,23381,22.7,19,4.6,1007,4.7
"1193",13245,5,"5612",76,0,2015,"A",NA,5,311,15998494,3359233,88473,989,51415,NA,1.95,3,3.77,3.35,3.32,1.26,1.26,NA,0,0,-42,-11.9,234364,1.5,-2846474,-45.9,-68602,-43.7,129,15,6715,15
"1194",13245,5,"56121",77,0,2015,"A",NA,5,311,15998494,3359233,88473,989,51415,NA,1.95,3,3.77,3.35,3.32,1.26,1.26,NA,0,0,-42,-11.9,234364,1.5,-2846474,-45.9,-68602,-43.7,129,15,6715,15
"1195",13245,5,"561210",78,0,2015,"A",NA,5,311,15998494,3359233,88473,989,51415,NA,1.95,3,3.77,3.35,3.32,1.26,1.26,NA,0,0,-42,-11.9,234364,1.5,-2846474,-45.9,-68602,-43.7,129,15,6715,15
"1196",13245,5,"5613",76,0,2015,"A",NA,60,2907,74503655,40564788,1641490,493,25626,NA,1.28,1.11,1.05,1.36,1.74,0.95,0.95,NA,2,3.4,134,4.8,8764288,13.3,3339702,9,-99618,-5.7,37,8.1,1915,8.1
"1197",13245,5,"56131",77,0,2015,"A",NA,7,371,8079417,5191211,386261,419,21773,NA,0.67,1.69,0.93,2.06,5.17,0.55,0.55,"N",-1,-12.5,0,0,0,0,0,0,0,0,0,0,0,0
"1198",13245,5,"561311",78,0,2015,"A","N",7,0,0,0,0,0,0,"N",0.95,0,0,0,0,0,0,"N",1,16.7,0,0,0,0,0,0,0,0,0,0,0,0
"1199",13245,5,"561312",78,0,2015,"A","N",1,0,0,0,0,0,0,"N",0.32,0,0,0,0,0,0,"N",-1,-50,0,0,0,0,0,0,0,0,0,0,0,0
"1200",13245,5,"56132",77,0,2015,"A",NA,41,2376,60169727,33344562,1227002,487,25328,NA,1.38,1.11,1.13,1.36,1.54,1.02,1.02,NA,4,10.8,127,5.6,7420588,14.1,2117803,6.8,-247818,-16.8,36,8,1868,8
"1201",13245,5,"561320",78,0,2015,"A",NA,41,2376,60169727,33344562,1227002,487,25328,NA,1.38,1.11,1.13,1.36,1.54,1.02,1.02,NA,4,10.8,127,5.6,7420588,14.1,2117803,6.8,-247818,-16.8,36,8,1868,8
"1202",13245,5,"56133",77,0,2015,"A",NA,12,161,6254511,2029015,28227,749,38949,NA,1.87,0.59,0.67,0.72,0.39,1.14,1.14,"N",-2,-14.3,0,0,0,0,0,0,0,0,0,0,0,0
"1203",13245,5,"561330",78,0,2015,"A",NA,12,161,6254511,2029015,28227,749,38949,NA,1.87,0.59,0.67,0.72,0.39,1.14,1.14,"N",-2,-14.3,0,0,0,0,0,0,0,0,0,0,0,0
"1204",13245,5,"5614",76,0,2015,"A",NA,33,1729,49140369,17268201,358883,546,28414,NA,1.33,2.58,2.27,2.71,2.31,0.88,0.88,NA,-2,-5.7,-424,-19.7,-3344623,-6.4,-4137810,-19.3,-160172,-30.9,77,16.4,4035,16.6
"1205",13245,5,"56141",77,0,2015,"A",NA,6,5,132245,58497,1235,470,24414,NA,1.59,0.15,0.13,0.19,0.21,0.81,0.81,NA,-1,-14.3,-1,-16.7,4039,3.2,1344,2.4,-305,-19.8,22,4.9,1104,4.7
"1206",13245,5,"561410",78,0,2015,"A",NA,6,5,132245,58497,1235,470,24414,NA,1.59,0.15,0.13,0.19,0.21,0.81,0.81,NA,-1,-14.3,-1,-16.7,4039,3.2,1344,2.4,-305,-19.8,22,4.9,1104,4.7
"1207",13245,5,"56142",77,0,2015,"A","N",5,0,0,0,0,0,0,"N",1.09,0,0,0,0,0,0,"N",-1,-16.7,0,0,0,0,0,0,0,0,0,0,0,0
"1208",13245,5,"561421",78,0,2015,"A","N",3,0,0,0,0,0,0,"N",3,0,0,0,0,0,0,"N",0,0,0,0,0,0,0,0,0,0,0,0,0,0
"1209",13245,5,"561422",78,0,2015,"A","N",2,0,0,0,0,0,0,"N",0.56,0,0,0,0,0,0,"N",-1,-33.3,0,0,0,0,0,0,0,0,0,0,0,0
"1210",13245,5,"56143",77,0,2015,"A",NA,8,52,1878659,472632,8056,695,36128,NA,1.5,0.87,1.06,0.9,0.67,1.22,1.22,NA,0,0,-7,-11.9,-123349,-6.2,-60504,-11.3,-2970,-26.9,41,6.3,2100,6.2
"1211",13245,5,"561431",78,0,2015,"A","N",2,0,0,0,0,0,0,"N",0.8,0,0,0,0,0,0,"N",0,0,0,0,0,0,0,0,0,0,0,0,0,0
"1212",13245,5,"561439",78,0,2015,"A","N",6,0,0,0,0,0,0,"N",2.13,0,0,0,0,0,0,"N",0,0,0,0,0,0,0,0,0,0,0,0,0,0
"1213",13245,5,"56144",77,0,2015,"A",NA,5,182,4465885,2072181,19889,473,24594,NA,1.74,1.77,1.21,1.98,0.7,0.68,0.68,NA,0,0,13,7.7,245106,5.8,233828,12.7,-12448,-38.5,-8,-1.7,-418,-1.7
"1214",13245,5,"561440",78,0,2015,"A",NA,5,182,4465885,2072181,19889,473,24594,NA,1.74,1.77,1.21,1.98,0.7,0.68,0.68,NA,0,0,13,7.7,245106,5.8,233828,12.7,-12448,-38.5,-8,-1.7,-418,-1.7
"1215",13245,5,"56145",77,0,2015,"A","N",1,0,0,0,0,0,0,"N",1.58,0,0,0,0,0,0,"N",0,0,0,0,0,0,0,0,0,0,0,0,0,0
"1216",13245,5,"561450",78,0,2015,"A","N",1,0,0,0,0,0,0,"N",1.58,0,0,0,0,0,0,"N",0,0,0,0,0,0,0,0,0,0,0,0,0,0
"1217",13245,5,"56149",77,0,2015,"A",NA,8,24,790726,268351,5718,638,33177,NA,1.05,0.34,0.25,0.41,0.38,0.74,0.74,NA,-1,-11.1,-22,-47.8,-910962,-53.5,-228165,-46,-4965,-46.5,-72,-10.1,-3749,-10.2
"1218",13245,5,"561491",78,0,2015,"A","N",1,0,0,0,0,0,0,"N",2.19,0,0,0,0,0,0,"N",-1,-50,0,0,0,0,0,0,0,0,0,0,0,0
"1219",13245,5,"561492",78,0,2015,"A","N",3,0,0,0,0,0,0,"N",1.93,0,0,0,0,0,0,"N",1,50,0,0,0,0,0,0,0,0,0,0,0,0
"1220",13245,5,"561499",78,0,2015,"A","N",4,0,0,0,0,0,0,"N",0.71,0,0,0,0,0,0,"N",-1,-20,0,0,0,0,0,0,0,0,0,0,0,0
"1221",13245,5,"5615",76,0,2015,"A",NA,11,69,3069399,774883,14296,858,44592,NA,1.02,0.46,0.44,0.51,0.47,0.97,0.97,NA,0,0,9,15,254513,9,197048,34.1,-802,-5.3,-40,-4.5,-2128,-4.6
"1222",13245,5,"56151",77,0,2015,"A","N",4,0,0,0,0,0,0,"N",0.58,0,0,0,0,0,0,"N",1,33.3,0,0,0,0,0,0,0,0,0,0,0,0
"1223",13245,5,"561510",78,0,2015,"A","N",4,0,0,0,0,0,0,"N",0.58,0,0,0,0,0,0,"N",1,33.3,0,0,0,0,0,0,0,0,0,0,0,0
"1224",13245,5,"56152",77,0,2015,"A","N",1,0,0,0,0,0,0,"N",0.7,0,0,0,0,0,0,"N",0,0,0,0,0,0,0,0,0,0,0,0,0,0
"1225",13245,5,"561520",78,0,2015,"A","N",1,0,0,0,0,0,0,"N",0.7,0,0,0,0,0,0,"N",0,0,0,0,0,0,0,0,0,0,0,0,0,0
"1226",13245,5,"56159",77,0,2015,"A",NA,6,36,1702152,437349,4482,909,47282,NA,2.45,0.55,0.61,0.72,0.38,1.1,1.1,NA,-1,-14.3,-4,-10,-194859,-10.3,82170,23.1,-977,-17.9,-3,-0.3,-143,-0.3
"1227",13245,5,"561591",78,0,2015,"A",NA,3,22,1131601,244654,780,997,51829,NA,5.96,3.29,4,4.16,0.71,1.22,1.22,NA,0,0,0,0,-84434,-6.9,12542,5.4,-544,-41.1,-74,-6.9,-3867,-6.9
"1228",13245,5,"561599",78,0,2015,"A",NA,3,14,570551,192695,3702,775,40274,NA,1.54,0.24,0.23,0.35,0.34,0.94,0.94,NA,-1,-25,-4,-22.2,-110425,-16.2,69628,56.6,-433,-10.5,54,7.5,2789,7.4
"1229",13245,5,"5616",76,0,2015,"A",NA,18,1168,10470452,5304252,133968,172,8968,NA,1.09,1.78,0.62,0.91,0.94,0.35,0.35,NA,-1,-5.3,162,16.1,1258391,13.7,684067,14.8,-1716,-1.3,-4,-2.3,-191,-2.1
"1230",13245,5,"56161",77,0,2015,"A",NA,12,1137,9176136,4951006,130478,155,8074,NA,1.16,2.04,0.75,1.03,1.08,0.37,0.37,NA,0,0,162,16.6,1134532,14.1,659930,15.4,-1504,-1.1,-4,-2.5,-175,-2.1
"1231",13245,5,"561611",78,0,2015,"A","N",1,0,0,0,0,0,0,"N",0.4,0,0,0,0,0,0,"N",-1,-50,0,0,0,0,0,0,0,0,0,0,0,0
"1232",13245,5,"561612",78,0,2015,"A",NA,10,1107,8170826,4613807,123725,142,7383,NA,1.34,2.17,0.77,1.06,1.13,0.35,0.35,NA,1,11.1,159,16.8,1037982,14.6,592822,14.7,-1067,-0.9,-3,-2.1,-140,-1.9
"1233",13245,5,"561613",78,0,2015,"A","N",1,0,0,0,0,0,0,"N",3.09,0,0,0,0,0,0,"N",0,0,0,0,0,0,0,0,0,0,0,0,0,0
"1234",13245,5,"56162",77,0,2015,"A",NA,6,31,1294316,353246,3490,801,41640,NA,0.96,0.31,0.28,0.35,0.16,0.91,0.91,NA,-1,-14.3,0,0,123859,10.6,24137,7.3,-212,-5.7,73,10,3782,10
"1235",13245,5,"561621",78,0,2015,"A","N",5,0,0,0,0,0,0,"N",1.15,0,0,0,0,0,0,"N",0,0,0,0,0,0,0,0,0,0,0,0,0,0
"1236",13245,5,"561622",78,0,2015,"A","N",1,0,0,0,0,0,0,"N",0.52,0,0,0,0,0,0,"N",-1,-50,0,0,0,0,0,0,0,0,0,0,0,0
"1237",13245,5,"5617",76,0,2015,"A",NA,89,2063,44166265,19904725,453062,412,21413,NA,0.87,1.37,1.32,1.48,1.32,0.96,0.96,NA,6,7.2,222,12.1,2828657,6.8,2101510,11.8,-52642,-10.4,-20,-4.6,-1042,-4.6
"1238",13245,5,"56171",77,0,2015,"A","N",5,0,0,0,0,0,0,"N",0.73,0,0,0,0,0,0,"N",0,0,0,0,0,0,0,0,0,0,0,0,0,0
"1239",13245,5,"561710",78,0,2015,"A","N",5,0,0,0,0,0,0,"N",0.73,0,0,0,0,0,0,"N",0,0,0,0,0,0,0,0,0,0,0,0,0,0
"1240",13245,5,"56172",77,0,2015,"A",NA,48,1473,27710734,13757993,294503,362,18812,NA,1.44,1.87,2.03,2.2,2.37,1.08,1.08,NA,5,11.6,134,10,2345285,9.2,1587558,13,-78309,-21,-2,-0.5,-127,-0.7
"1241",13245,5,"561720",78,0,2015,"A",NA,48,1473,27710734,13757993,294503,362,18812,NA,1.44,1.87,2.03,2.2,2.37,1.08,1.08,NA,5,11.6,134,10,2345285,9.2,1587558,13,-78309,-21,-2,-0.5,-127,-0.7
"1242",13245,5,"56173",77,0,2015,"A",NA,30,187,4886990,2254969,61231,502,26087,NA,0.59,0.35,0.34,0.41,0.34,0.98,0.98,NA,1,3.4,4,2.2,326799,7.2,-45730,-2,6116,11.1,22,4.6,1145,4.6
"1243",13245,5,"561730",78,0,2015,"A",NA,30,187,4886990,2254969,61231,502,26087,NA,0.59,0.35,0.34,0.41,0.34,0.98,0.98,NA,1,3.4,4,2.2,326799,7.2,-45730,-2,6116,11.1,22,4.6,1145,4.6
"1244",13245,5,"56174",77,0,2015,"A","N",3,0,0,0,0,0,0,"N",0.74,0,0,0,0,0,0,"N",0,0,0,0,0,0,0,0,0,0,0,0,0,0
"1245",13245,5,"561740",78,0,2015,"A","N",3,0,0,0,0,0,0,"N",0.74,0,0,0,0,0,0,"N",0,0,0,0,0,0,0,0,0,0,0,0,0,0
"1246",13245,5,"56179",77,0,2015,"A",NA,4,331,8924522,3080844,66684,518,26942,NA,0.55,5.11,4.75,5.08,3.92,0.93,0.93,NA,0,0,80,31.9,84123,1,392006,14.6,13341,25,-160,-23.6,-8314,-23.6
"1247",13245,5,"561790",78,0,2015,"A",NA,4,331,8924522,3080844,66684,518,26942,NA,0.55,5.11,4.75,5.08,3.92,0.93,0.93,NA,0,0,80,31.9,84123,1,392006,14.6,13341,25,-160,-23.6,-8314,-23.6
"1248",13245,5,"5619",76,0,2015,"A",NA,8,35,1063998,380333,21578,583,30328,NA,0.59,0.15,0.13,0.17,0.36,0.84,0.84,NA,-1,-11.1,-15,-30,-270215,-20.3,-115453,-23.3,-8001,-27,71,13.9,3688,13.8
"1249",13245,5,"56191",77,0,2015,"A","N",1,0,0,0,0,0,0,"N",0.81,0,0,0,0,0,0,"N",0,0,0,0,0,0,0,0,0,0,0,0,0,0
"1250",13245,5,"561910",78,0,2015,"A","N",1,0,0,0,0,0,0,"N",0.81,0,0,0,0,0,0,"N",0,0,0,0,0,0,0,0,0,0,0,0,0,0
"1251",13245,5,"56192",77,0,2015,"A","N",1,0,0,0,0,0,0,"N",0.45,0,0,0,0,0,0,"N",-1,-50,0,0,0,0,0,0,0,0,0,0,0,0
"1252",13245,5,"561920",78,0,2015,"A","N",1,0,0,0,0,0,0,"N",0.45,0,0,0,0,0,0,"N",-1,-50,0,0,0,0,0,0,0,0,0,0,0,0
"1253",13245,5,"56199",77,0,2015,"A",NA,6,30,857690,333099,20565,558,28992,NA,0.59,0.2,0.16,0.24,0.57,0.83,0.83,NA,0,0,-12,-28.6,-96896,-10.2,-87552,-20.8,-6986,-25.4,124,28.6,6443,28.6
"1254",13245,5,"561990",78,0,2015,"A",NA,6,30,857690,333099,20565,558,28992,NA,0.59,0.2,0.16,0.24,0.57,0.83,0.83,NA,0,0,-12,-28.6,-96896,-10.2,-87552,-20.8,-6986,-25.4,124,28.6,6443,28.6
"1255",13245,5,"562",75,0,2015,"A",NA,14,162,6383229,1849290,32621,758,39403,NA,1.04,0.55,0.47,0.56,0.36,0.85,0.85,NA,0,0,4,2.5,438507,7.4,12181,0.7,10682,48.7,33,4.6,1679,4.5
"1256",13245,5,"5621",76,0,2015,"A",NA,8,108,4180588,1222113,22563,744,38679,NA,1.49,0.88,0.82,0.94,0.75,0.93,0.93,NA,0,0,-6,-5.3,104099,2.6,-128743,-9.5,8190,57,55,8,2868,8
"1257",13245,5,"56211",77,0,2015,"A",NA,8,108,4180588,1222113,22563,744,38679,NA,1.49,0.88,0.82,0.94,0.75,0.93,0.93,NA,0,0,-6,-5.3,104099,2.6,-128743,-9.5,8190,57,55,8,2868,8
"1258",13245,5,"562111",78,0,2015,"A","N",7,0,0,0,0,0,0,"N",1.6,0,0,0,0,0,0,"N",0,0,0,0,0,0,0,0,0,0,0,0,0,0
"1259",13245,5,"562112",78,0,2015,"A","N",1,0,0,0,0,0,0,"N",3.3,0,0,0,0,0,0,"N",0,0,0,0,0,0,0,0,0,0,0,0,0,0
"1260",13245,5,"5622",76,0,2015,"A","N",1,0,0,0,0,0,0,"N",0.52,0,0,0,0,0,0,"N",-1,-50,0,0,0,0,0,0,0,0,0,0,0,0
"1261",13245,5,"56221",77,0,2015,"A","N",1,0,0,0,0,0,0,"N",0.52,0,0,0,0,0,0,"N",-1,-50,0,0,0,0,0,0,0,0,0,0,0,0
"1262",13245,5,"562212",78,0,2015,"A","N",1,0,0,0,0,0,0,"N",1.27,0,0,0,0,0,0,"N",-1,-50,0,0,0,0,0,0,0,0,0,0,0,0
"1263",13245,5,"5629",76,0,2015,"A","N",5,0,0,0,0,0,0,"N",0.8,0,0,0,0,0,0,"N",1,25,0,0,0,0,0,0,0,0,0,0,0,0
"1264",13245,5,"56291",77,0,2015,"A","N",1,0,0,0,0,0,0,"N",0.33,0,0,0,0,0,0,"N",1,100,0,0,0,0,0,0,0,0,0,0,0,0
"1265",13245,5,"562910",78,0,2015,"A","N",1,0,0,0,0,0,0,"N",0.33,0,0,0,0,0,0,"N",1,100,0,0,0,0,0,0,0,0,0,0,0,0
"1266",13245,5,"56299",77,0,2015,"A",NA,4,48,1988790,593229,9830,790,41077,NA,1.53,1.58,1.7,1.77,1.07,1.06,1.06,"N",0,0,0,0,0,0,0,0,0,0,0,0,0,0
"1267",13245,5,"562991",78,0,2015,"A","N",3,0,0,0,0,0,0,"N",1.72,0,0,0,0,0,0,"N",0,0,0,0,0,0,0,0,0,0,0,0,0,0
"1268",13245,5,"562998",78,0,2015,"A","N",1,0,0,0,0,0,0,"N",1.16,0,0,0,0,0,0,"N",0,0,0,0,0,0,0,0,0,0,0,0,0,0
"1269",13245,5,"61",74,0,2015,"A",NA,36,708,24307208,6026325,123041,660,34316,NA,0.65,0.35,0.3,0.76,0.71,0.87,0.87,NA,1,2.9,24,3.5,2240781,10.2,-104787,-1.7,-4198,-3.3,40,6.5,2055,6.4
"1270",13245,5,"611",75,0,2015,"A",NA,36,708,24307208,6026325,123041,660,34316,NA,0.65,0.35,0.3,0.76,0.71,0.87,0.87,NA,1,2.9,24,3.5,2240781,10.2,-104787,-1.7,-4198,-3.3,40,6.5,2055,6.4
"1271",13245,5,"6111",76,0,2015,"A","N",3,0,0,0,0,0,0,"N",0.35,0,0,0,0,0,0,"N",-1,-25,0,0,0,0,0,0,0,0,0,0,0,0
"1272",13245,5,"61111",77,0,2015,"A","N",3,0,0,0,0,0,0,"N",0.35,0,0,0,0,0,0,"N",-1,-25,0,0,0,0,0,0,0,0,0,0,0,0
"1273",13245,5,"611110",78,0,2015,"A","N",3,0,0,0,0,0,0,"N",0.35,0,0,0,0,0,0,"N",-1,-25,0,0,0,0,0,0,0,0,0,0,0,0
"1274",13245,5,"6112",76,0,2015,"A","N",1,0,0,0,0,0,0,"N",1.99,0,0,0,0,0,0,"N",-1,-50,0,0,0,0,0,0,0,0,0,0,0,0
"1275",13245,5,"61121",77,0,2015,"A","N",1,0,0,0,0,0,0,"N",1.99,0,0,0,0,0,0,"N",-1,-50,0,0,0,0,0,0,0,0,0,0,0,0
"1276",13245,5,"611210",78,0,2015,"A","N",1,0,0,0,0,0,0,"N",1.99,0,0,0,0,0,0,"N",-1,-50,0,0,0,0,0,0,0,0,0,0,0,0
"1277",13245,5,"6113",76,0,2015,"A","N",4,0,0,0,0,0,0,"N",0.99,0,0,0,0,0,0,"N",1,33.3,0,0,0,0,0,0,0,0,0,0,0,0
"1278",13245,5,"61131",77,0,2015,"A","N",4,0,0,0,0,0,0,"N",0.99,0,0,0,0,0,0,"N",1,33.3,0,0,0,0,0,0,0,0,0,0,0,0
"1279",13245,5,"611310",78,0,2015,"A","N",4,0,0,0,0,0,0,"N",0.99,0,0,0,0,0,0,"N",1,33.3,0,0,0,0,0,0,0,0,0,0,0,0
"1280",13245,5,"6114",76,0,2015,"A",NA,8,73,4664900,928477,23479,1236,64270,NA,1.52,1.42,1.65,1.76,1.88,1.17,1.17,NA,1,14.3,14,23.7,1261379,37.1,274525,42,9984,74,130,11.8,6746,11.7
"1281",13245,5,"61141",77,0,2015,"A","N",1,0,0,0,0,0,0,"N",5.19,0,0,0,0,0,0,"N",0,0,0,0,0,0,0,0,0,0,0,0,0,0
"1282",13245,5,"611410",78,0,2015,"A","N",1,0,0,0,0,0,0,"N",5.19,0,0,0,0,0,0,"N",0,0,0,0,0,0,0,0,0,0,0,0,0,0
"1283",13245,5,"61142",77,0,2015,"A",NA,5,65,4191343,844857,22904,1238,64400,NA,3.9,5.84,6.2,6.37,7.32,1.06,1.06,NA,1,25,13,25,1164504,38.5,276229,48.6,10080,78.6,122,10.9,6378,11
"1284",13245,5,"611420",78,0,2015,"A",NA,5,65,4191343,844857,22904,1238,64400,NA,3.9,5.84,6.2,6.37,7.32,1.06,1.06,NA,1,25,13,25,1164504,38.5,276229,48.6,10080,78.6,122,10.9,6378,11
"1285",13245,5,"61143",77,0,2015,"A","N",2,0,0,0,0,0,0,"N",0.53,0,0,0,0,0,0,"N",0,0,0,0,0,0,0,0,0,0,0,0,0,0
"1286",13245,5,"611430",78,0,2015,"A","N",2,0,0,0,0,0,0,"N",0.53,0,0,0,0,0,0,"N",0,0,0,0,0,0,0,0,0,0,0,0,0,0
"1287",13245,5,"6115",76,0,2015,"A",NA,5,32,724537,400040,3982,433,22524,NA,1.07,0.37,0.23,0.51,0.18,0.63,0.63,NA,0,0,1,3.2,2547,0.4,14063,3.6,2125,114.4,-17,-3.8,-892,-3.8
"1288",13245,5,"61151",77,0,2015,"A",NA,5,32,724537,400040,3982,433,22524,NA,1.07,0.37,0.23,0.51,0.18,0.63,0.63,NA,0,0,1,3.2,2547,0.4,14063,3.6,2125,114.4,-17,-3.8,-892,-3.8
"1289",13245,5,"611511",78,0,2015,"A","N",2,0,0,0,0,0,0,"N",2.1,0,0,0,0,0,0,"N",0,0,0,0,0,0,0,0,0,0,0,0,0,0
"1290",13245,5,"611513",78,0,2015,"A","N",2,0,0,0,0,0,0,"N",2.93,0,0,0,0,0,0,"N",0,0,0,0,0,0,0,0,0,0,0,0,0,0
"1291",13245,5,"611519",78,0,2015,"A","N",1,0,0,0,0,0,0,"N",0.41,0,0,0,0,0,0,"N",0,0,0,0,0,0,0,0,0,0,0,0,0,0
"1292",13245,5,"6116",76,0,2015,"A",NA,15,115,1543589,780841,9810,258,13393,NA,0.62,0.4,0.3,0.43,0.28,0.75,0.75,NA,2,15.4,23,25,370161,31.5,159063,25.6,4510,85.1,14,5.7,684,5.4
"1293",13245,5,"61161",77,0,2015,"A",NA,6,25,319756,153590,222,242,12581,NA,0.96,0.39,0.32,0.42,0.03,0.82,0.82,NA,0,0,0,0,-2580,-0.8,-419,-0.3,-379,-63.1,-11,-4.3,-576,-4.4
"1294",13245,5,"611610",78,0,2015,"A",NA,6,25,319756,153590,222,242,12581,NA,0.96,0.39,0.32,0.42,0.03,0.82,0.82,NA,0,0,0,0,-2580,-0.8,-419,-0.3,-379,-63.1,-11,-4.3,-576,-4.4
"1295",13245,5,"61162",77,0,2015,"A",NA,4,47,521192,326376,7683,215,11188,NA,0.53,0.56,0.42,0.64,0.97,0.76,0.76,NA,1,33.3,18,62.1,272017,109.2,131728,67.7,3976,107.3,51,31.1,2669,31.3
"1296",13245,5,"611620",78,0,2015,"A",NA,4,47,521192,326376,7683,215,11188,NA,0.53,0.56,0.42,0.64,0.97,0.76,0.76,NA,1,33.3,18,62.1,272017,109.2,131728,67.7,3976,107.3,51,31.1,2669,31.3
"1297",13245,5,"61169",77,0,2015,"A",NA,5,43,702641,300875,1905,312,16246,NA,0.51,0.35,0.28,0.37,0.11,0.78,0.78,NA,1,25,4,10.3,100724,16.7,27754,10.2,913,92,12,4,646,4.1
"1298",13245,5,"611691",78,0,2015,"A","N",3,0,0,0,0,0,0,"N",0.7,0,0,0,0,0,0,"N",0,0,0,0,0,0,0,0,0,0,0,0,0,0
"1299",13245,5,"611699",78,0,2015,"A","N",2,0,0,0,0,0,0,"N",0.47,0,0,0,0,0,0,"N",1,100,0,0,0,0,0,0,0,0,0,0,0,0
"1300",13245,5,"6117",76,0,2015,"A","N",1,0,0,0,0,0,0,"N",0.13,0,0,0,0,0,0,"N",0,0,0,0,0,0,0,0,0,0,0,0,0,0
"1301",13245,5,"61171",77,0,2015,"A","N",1,0,0,0,0,0,0,"N",0.13,0,0,0,0,0,0,"N",0,0,0,0,0,0,0,0,0,0,0,0,0,0
"1302",13245,5,"611710",78,0,2015,"A","N",1,0,0,0,0,0,0,"N",0.13,0,0,0,0,0,0,"N",0,0,0,0,0,0,0,0,0,0,0,0,0,0
"1303",13245,5,"62",74,0,2015,"A",NA,651,17797,924970837,154265812,2731755,999,51973,NA,0.92,1.29,1.74,1.93,1.89,1.34,1.34,NA,4,0.6,841,5,60429027,7,6702433,4.5,-49068,-1.8,18,1.8,986,1.9
"1304",13245,5,"621",75,0,2015,"A",NA,500,6325,391299157,69626951,1068879,1190,61867,NA,1.74,1.23,1.58,1.68,1.49,1.28,1.28,NA,2,0.4,511,8.8,35462976,10,4731366,7.3,-15700,-1.4,13,1.1,659,1.1
"1305",13245,5,"6211",76,0,2015,"A",NA,225,2421,226896051,27727678,359271,1802,93720,NA,2.09,1.28,1.71,1.84,1.46,1.34,1.34,NA,-5,-2.2,41,1.7,13672504,6.4,288117,1.1,-46587,-11.5,79,4.6,4111,4.6
"1306",13245,5,"62111",77,0,2015,"A",NA,225,2421,226896051,27727678,359271,1802,93720,NA,2.09,1.28,1.71,1.84,1.46,1.34,1.34,NA,-5,-2.2,41,1.7,13672504,6.4,288117,1.1,-46587,-11.5,79,4.6,4111,4.6
"1307",13245,5,"621111",78,0,2015,"A",NA,219,2404,226365393,27531637,354711,1810,94146,NA,2.14,1.3,1.73,1.87,1.48,1.34,1.34,NA,-5,-2.2,43,1.8,13907481,6.5,348766,1.3,-45764,-11.4,79,4.6,4144,4.6
"1308",13245,5,"621112",78,0,2015,"A",NA,6,17,530658,196041,4560,615,31999,NA,1.17,0.44,0.29,0.58,0.81,0.68,0.68,NA,0,0,-2,-10.5,-234977,-30.7,-60649,-23.6,-823,-15.3,-163,-21,-8475,-20.9
"1309",13245,5,"6212",76,0,2015,"A",NA,91,744,34448184,7867048,80570,891,46332,NA,1.41,1.1,1.27,1.21,0.78,1.15,1.15,NA,0,0,17,2.3,1645786,5,16985,0.2,-14884,-15.6,23,2.6,1196,2.6
"1310",13245,5,"62121",77,0,2015,"A",NA,91,744,34448184,7867048,80570,891,46332,NA,1.41,1.1,1.27,1.21,0.78,1.15,1.15,NA,0,0,17,2.3,1645786,5,16985,0.2,-14884,-15.6,23,2.6,1196,2.6
"1311",13245,5,"621210",78,0,2015,"A",NA,91,744,34448184,7867048,80570,891,46332,NA,1.41,1.1,1.27,1.21,0.78,1.15,1.15,NA,0,0,17,2.3,1645786,5,16985,0.2,-14884,-15.6,23,2.6,1196,2.6
"1312",13245,5,"6213",76,0,2015,"A",NA,69,487,21563513,5430800,85338,852,44301,NA,1.02,0.8,1.06,0.97,0.97,1.33,1.33,NA,1,1.5,42,9.4,3100630,16.8,98952,1.9,-14159,-14.2,54,6.8,2796,6.7
"1313",13245,5,"62131",77,0,2015,"A",NA,15,52,2283562,564138,7922,838,43566,NA,0.79,0.54,0.91,0.64,0.57,1.67,1.67,NA,1,7.1,3,6.1,307735,15.6,-26240,-4.4,-2028,-20.4,56,7.2,2897,7.1
"1314",13245,5,"621310",78,0,2015,"A",NA,15,52,2283562,564138,7922,838,43566,NA,0.79,0.54,0.91,0.64,0.57,1.67,1.67,NA,1,7.1,3,6.1,307735,15.6,-26240,-4.4,-2028,-20.4,56,7.2,2897,7.1
"1315",13245,5,"62132",77,0,2015,"A",NA,11,86,6183673,945288,13311,1389,72253,NA,1.07,0.9,1.98,1.05,1.05,2.22,2.22,NA,1,10,18,26.5,1896808,44.2,43755,4.9,-1741,-11.6,175,14.4,9134,14.5
"1316",13245,5,"621320",78,0,2015,"A",NA,11,86,6183673,945288,13311,1389,72253,NA,1.07,0.9,1.98,1.05,1.05,2.22,2.22,NA,1,10,18,26.5,1896808,44.2,43755,4.9,-1741,-11.6,175,14.4,9134,14.5
"1317",13245,5,"62133",77,0,2015,"A",NA,14,20,817998,304404,3328,800,41593,NA,1.7,0.36,0.46,0.63,0.38,1.31,1.31,NA,-2,-12.5,-1,-4.8,-19069,-2.3,-15264,-4.8,-656,-16.5,27,3.5,1414,3.5
"1318",13245,5,"621330",78,0,2015,"A",NA,14,20,817998,304404,3328,800,41593,NA,1.7,0.36,0.46,0.63,0.38,1.31,1.31,NA,-2,-12.5,-1,-4.8,-19069,-2.3,-15264,-4.8,-656,-16.5,27,3.5,1414,3.5
"1319",13245,5,"62134",77,0,2015,"A",NA,19,184,6921067,1965260,33282,725,37700,NA,1.13,0.7,0.74,0.83,0.9,1.05,1.05,NA,2,11.8,11,6.4,328377,5,14737,0.8,-3940,-10.6,-7,-1,-390,-1
"1320",13245,5,"621340",78,0,2015,"A",NA,19,184,6921067,1965260,33282,725,37700,NA,1.13,0.7,0.74,0.83,0.9,1.05,1.05,NA,2,11.8,11,6.4,328377,5,14737,0.8,-3940,-10.6,-7,-1,-390,-1
"1321",13245,5,"62139",77,0,2015,"A",NA,10,146,5357213,1651710,27495,708,36819,NA,0.77,1.46,1.53,1.76,1.72,1.05,1.05,NA,-1,-9.1,12,9,586779,12.3,81964,5.2,-5794,-17.4,26,3.8,1329,3.7
"1322",13245,5,"621391",78,0,2015,"A","N",3,0,0,0,0,0,0,"N",0.78,0,0,0,0,0,0,"N",0,0,0,0,0,0,0,0,0,0,0,0,0,0
"1323",13245,5,"621399",78,0,2015,"A","N",7,0,0,0,0,0,0,"N",0.76,0,0,0,0,0,0,"N",-1,-12.5,0,0,0,0,0,0,0,0,0,0,0,0
"1324",13245,5,"6214",76,0,2015,"A",NA,38,912,48280897,10223270,163427,1018,52954,NA,2.42,1.63,1.79,2.82,2.35,1.1,1.1,NA,-1,-2.6,161,21.4,8580530,21.6,1593782,18.5,23025,16.4,2,0.2,114,0.2
"1325",13245,5,"62141",77,0,2015,"A","N",1,0,0,0,0,0,0,"N",1.14,0,0,0,0,0,0,"N",0,0,0,0,0,0,0,0,0,0,0,0,0,0
"1326",13245,5,"621410",78,0,2015,"A","N",1,0,0,0,0,0,0,"N",1.14,0,0,0,0,0,0,"N",0,0,0,0,0,0,0,0,0,0,0,0,0,0
"1327",13245,5,"62142",77,0,2015,"A","N",3,0,0,0,0,0,0,"N",0.67,0,0,0,0,0,0,"N",1,50,0,0,0,0,0,0,0,0,0,0,0,0
"1328",13245,5,"621420",78,0,2015,"A","N",3,0,0,0,0,0,0,"N",0.67,0,0,0,0,0,0,"N",1,50,0,0,0,0,0,0,0,0,0,0,0,0
"1329",13245,5,"62149",77,0,2015,"A",NA,35,873,47630477,9965686,154522,1049,54549,NA,3.39,2.28,2.24,3.67,3.11,0.98,0.98,NA,-1,-2.8,147,20.2,8784263,22.6,1541674,18.3,24551,18.9,21,2,1073,2
"1330",13245,5,"621491",78,0,2015,"A","N",6,0,0,0,0,0,0,"N",7.73,0,0,0,0,0,0,"N",0,0,0,0,0,0,0,0,0,0,0,0,0,0
"1331",13245,5,"621492",78,0,2015,"A",NA,10,379,18363198,4540642,95273,932,48452,NA,3.12,4.32,4.85,5.79,7.79,1.12,1.12,NA,1,11.1,152,67,7980537,76.9,1543277,51.5,36899,63.2,53,6,2764,6
"1332",13245,5,"621493",78,0,2015,"A",NA,3,83,2872069,803654,1757,669,34813,NA,1,0.87,0.62,1,0.13,0.72,0.72,NA,-1,-25,-1,-1.2,57567,2,-24478,-3,-3333,-65.5,28,4.4,1472,4.4
"1333",13245,5,"621498",78,0,2015,"A","N",16,0,0,0,0,0,0,"N",4.77,0,0,0,0,0,0,"N",-1,-5.9,0,0,0,0,0,0,0,0,0,0,0,0
"1334",13245,5,"6215",76,0,2015,"A",NA,29,231,11455247,2910517,98277,953,49554,NA,2.97,1.19,1.19,1.59,2.65,1,1,NA,1,3.6,10,4.5,552121,5.1,341500,13.3,4754,5.1,4,0.4,219,0.4
"1335",13245,5,"62151",77,0,2015,"A",NA,29,231,11455247,2910517,98277,953,49554,NA,2.97,1.19,1.19,1.59,2.65,1,1,NA,1,3.6,10,4.5,552121,5.1,341500,13.3,4754,5.1,4,0.4,219,0.4
"1336",13245,5,"621511",78,0,2015,"A",NA,26,217,11012100,2730083,86926,974,50650,NA,3.88,1.53,1.58,1.99,3.23,1.04,1.03,NA,1,4,13,6.4,762095,7.4,433357,18.9,8362,10.6,6,0.6,302,0.6
"1337",13245,5,"621512",78,0,2015,"A",NA,3,14,443147,180434,11351,620,32229,NA,0.98,0.27,0.16,0.39,1.11,0.63,0.63,NA,0,0,-3,-17.6,-209974,-32.1,-91857,-33.7,-3608,-24.1,-101,-14,-5271,-14.1
"1338",13245,5,"6216",76,0,2015,"A",NA,35,978,31031861,8987361,169686,610,31733,NA,2.14,0.99,1.31,1.26,1.2,1.32,1.32,NA,5,16.7,158,19.3,5621620,22.1,1547499,20.8,30955,22.3,14,2.3,745,2.4
"1339",13245,5,"62161",77,0,2015,"A",NA,35,978,31031861,8987361,169686,610,31733,NA,2.14,0.99,1.31,1.26,1.2,1.32,1.32,NA,5,16.7,158,19.3,5621620,22.1,1547499,20.8,30955,22.3,14,2.3,745,2.4
"1340",13245,5,"621610",78,0,2015,"A",NA,35,978,31031861,8987361,169686,610,31733,NA,2.14,0.99,1.31,1.26,1.2,1.32,1.32,NA,5,16.7,158,19.3,5621620,22.1,1547499,20.8,30955,22.3,14,2.3,745,2.4
"1341",13245,5,"6219",76,0,2015,"A",NA,15,553,17623404,6480277,112310,613,31883,NA,2.61,2.6,2.32,3.86,3.62,0.89,0.89,NA,3,25,83,17.7,2289785,14.9,844531,15,1196,1.1,-14,-2.2,-730,-2.2
"1342",13245,5,"62191",77,0,2015,"A",NA,9,235,5331891,2757363,53668,437,22729,NA,3.65,1.87,1.38,2.6,2.82,0.74,0.74,NA,2,28.6,52,28.4,1038708,24.2,375624,15.8,-2295,-4.1,-14,-3.1,-731,-3.1
"1343",13245,5,"621910",78,0,2015,"A",NA,9,235,5331891,2757363,53668,437,22729,NA,3.65,1.87,1.38,2.6,2.82,0.74,0.74,NA,2,28.6,52,28.4,1038708,24.2,375624,15.8,-2295,-4.1,-14,-3.1,-731,-3.1
"1344",13245,5,"62199",77,0,2015,"A",NA,6,318,12291513,3722914,58642,743,38632,NA,1.82,3.65,3.29,6.03,4.88,0.9,0.9,NA,0,0,31,10.8,1251077,11.3,468907,14.4,3491,6.3,4,0.5,186,0.5
"1345",13245,5,"621991",78,0,2015,"A","N",4,0,0,0,0,0,0,"N",4.8,0,0,0,0,0,0,"N",0,0,0,0,0,0,0,0,0,0,0,0,0,0
"1346",13245,5,"621999",78,0,2015,"A","N",2,0,0,0,0,0,0,"N",0.81,0,0,0,0,0,0,"N",0,0,0,0,0,0,0,0,0,0,0,0,0,0
"1347",13245,5,"622",75,0,2015,"A",NA,8,9015,475844502,63352457,1213594,1015,52783,NA,1.74,2.49,2.66,9.73,13.95,1.07,1.07,NA,0,0,335,3.9,24592937,5.4,1486768,2.4,34932,3,15,1.5,796,1.5
"1348",13245,5,"6221",76,0,2015,"A","N",5,0,0,0,0,0,0,"N",1.51,0,0,0,0,0,0,"N",0,0,0,0,0,0,0,0,0,0,0,0,0,0
"1349",13245,5,"62211",77,0,2015,"A","N",5,0,0,0,0,0,0,"N",1.51,0,0,0,0,0,0,"N",0,0,0,0,0,0,0,0,0,0,0,0,0,0
"1350",13245,5,"622110",78,0,2015,"A","N",5,0,0,0,0,0,0,"N",1.51,0,0,0,0,0,0,"N",0,0,0,0,0,0,0,0,0,0,0,0,0,0
"1351",13245,5,"6223",76,0,2015,"A","N",3,0,0,0,0,0,0,"N",3.74,0,0,0,0,0,0,"N",0,0,0,0,0,0,0,0,0,0,0,0,0,0
"1352",13245,5,"62231",77,0,2015,"A","N",3,0,0,0,0,0,0,"N",3.74,0,0,0,0,0,0,"N",0,0,0,0,0,0,0,0,0,0,0,0,0,0
"1353",13245,5,"622310",78,0,2015,"A","N",3,0,0,0,0,0,0,"N",3.74,0,0,0,0,0,0,"N",0,0,0,0,0,0,0,0,0,0,0,0,0,0
"1354",13245,5,"623",75,0,2015,"A",NA,33,978,26331974,8452628,150146,518,26927,NA,0.87,0.4,0.44,0.51,0.49,1.11,1.11,NA,-1,-2.9,-11,-1.1,6513,0,259853,3.2,-11201,-6.9,6,1.2,306,1.1
"1355",13245,5,"6231",76,0,2015,"A",NA,13,774,21499008,6397555,109449,534,27771,NA,1.5,0.63,0.67,0.68,0.64,1.07,1.07,NA,1,8.3,-4,-0.5,84059,0.4,217888,3.5,-10736,-8.9,5,0.9,257,0.9
"1356",13245,5,"62311",77,0,2015,"A",NA,13,774,21499008,6397555,109449,534,27771,NA,1.5,0.63,0.67,0.68,0.64,1.07,1.07,NA,1,8.3,-4,-0.5,84059,0.4,217888,3.5,-10736,-8.9,5,0.9,257,0.9
"1357",13245,5,"623110",78,0,2015,"A",NA,13,774,21499008,6397555,109449,534,27771,NA,1.5,0.63,0.67,0.68,0.64,1.07,1.07,NA,1,8.3,-4,-0.5,84059,0.4,217888,3.5,-10736,-8.9,5,0.9,257,0.9
"1358",13245,5,"6232",76,0,2015,"A","N",2,0,0,0,0,0,0,"N",0.15,0,0,0,0,0,0,"N",0,0,0,0,0,0,0,0,0,0,0,0,0,0
"1359",13245,5,"62322",77,0,2015,"A","N",2,0,0,0,0,0,0,"N",0.54,0,0,0,0,0,0,"N",0,0,0,0,0,0,0,0,0,0,0,0,0,0
"1360",13245,5,"623220",78,0,2015,"A","N",2,0,0,0,0,0,0,"N",0.54,0,0,0,0,0,0,"N",0,0,0,0,0,0,0,0,0,0,0,0,0,0
"1361",13245,5,"6233",76,0,2015,"A",NA,17,158,3445014,1486946,25552,420,21827,NA,1.38,0.24,0.25,0.34,0.31,1.02,1.02,NA,-1,-5.6,-12,-7.1,-201721,-5.5,-32309,-2.1,-576,-2.2,8,1.9,386,1.8
"1362",13245,5,"62331",77,0,2015,"A",NA,17,158,3445014,1486946,25552,420,21827,NA,1.38,0.24,0.25,0.34,0.31,1.02,1.02,NA,-1,-5.6,-12,-7.1,-201721,-5.5,-32309,-2.1,-576,-2.2,8,1.9,386,1.8
"1363",13245,5,"623311",78,0,2015,"A","N",1,0,0,0,0,0,0,"N",0.3,0,0,0,0,0,0,"N",0,0,0,0,0,0,0,0,0,0,0,0,0,0
"1364",13245,5,"623312",78,0,2015,"A","N",16,0,0,0,0,0,0,"N",1.77,0,0,0,0,0,0,"N",-1,-5.9,0,0,0,0,0,0,0,0,0,0,0,0
"1365",13245,5,"6239",76,0,2015,"A","N",1,0,0,0,0,0,0,"N",0.31,0,0,0,0,0,0,"N",-1,-50,0,0,0,0,0,0,0,0,0,0,0,0
"1366",13245,5,"62399",77,0,2015,"A","N",1,0,0,0,0,0,0,"N",0.31,0,0,0,0,0,0,"N",-1,-50,0,0,0,0,0,0,0,0,0,0,0,0
"1367",13245,5,"623990",78,0,2015,"A","N",1,0,0,0,0,0,0,"N",0.31,0,0,0,0,0,0,"N",-1,-50,0,0,0,0,0,0,0,0,0,0,0,0
"1368",13245,5,"624",75,0,2015,"A",NA,110,1479,31495204,12833776,299136,409,21291,NA,0.29,0.58,0.67,0.83,0.88,1.16,1.17,NA,4,3.8,5,0.3,366601,1.2,224446,1.8,-57099,-16,3,0.7,165,0.8
"1369",13245,5,"6241",76,0,2015,"A",NA,43,441,12313610,4621746,136003,537,27927,NA,0.13,0.28,0.45,0.5,0.65,1.6,1.6,NA,4,10.3,-2,-0.5,6693,0.1,400665,9.5,-25499,-15.8,2,0.4,115,0.4
"1370",13245,5,"62411",77,0,2015,"A",NA,4,21,722387,171083,4089,669,34814,NA,0.76,0.15,0.19,0.25,0.24,1.33,1.33,"N",1,33.3,0,0,0,0,0,0,0,0,0,0,0,0
"1371",13245,5,"624110",78,0,2015,"A",NA,4,21,722387,171083,4089,669,34814,NA,0.76,0.15,0.19,0.25,0.24,1.33,1.33,"N",1,33.3,0,0,0,0,0,0,0,0,0,0,0,0
"1372",13245,5,"62412",77,0,2015,"A",NA,16,225,4868924,2320879,44579,416,21648,NA,0.05,0.2,0.31,0.35,0.3,1.59,1.59,"N",2,14.3,0,0,0,0,0,0,0,0,0,0,0,0
"1373",13245,5,"624120",78,0,2015,"A",NA,16,225,4868924,2320879,44579,416,21648,NA,0.05,0.2,0.31,0.35,0.3,1.59,1.59,"N",2,14.3,0,0,0,0,0,0,0,0,0,0,0,0
"1374",13245,5,"62419",77,0,2015,"A",NA,23,195,6722299,2129784,87335,662,34429,NA,1.65,0.65,0.81,1.21,1.89,1.24,1.24,NA,1,4.5,-37,-15.9,-978202,-12.7,2905,0.1,-26112,-23,23,3.6,1189,3.6
"1375",13245,5,"624190",78,0,2015,"A",NA,23,195,6722299,2129784,87335,662,34429,NA,1.65,0.65,0.81,1.21,1.89,1.24,1.24,NA,1,4.5,-37,-15.9,-978202,-12.7,2905,0.1,-26112,-23,23,3.6,1189,3.6
"1376",13245,5,"6242",76,0,2015,"A",NA,7,63,1770716,617836,12376,540,28069,NA,1.29,0.54,0.52,0.94,0.74,0.96,0.96,NA,0,0,7,12.5,186544,11.8,78375,14.5,1004,8.8,-3,-0.6,-178,-0.6
"1377",13245,5,"62421",77,0,2015,"A","N",2,0,0,0,0,0,0,"N",1.31,0,0,0,0,0,0,"N",-1,-33.3,0,0,0,0,0,0,0,0,0,0,0,0
"1378",13245,5,"624210",78,0,2015,"A","N",2,0,0,0,0,0,0,"N",1.31,0,0,0,0,0,0,"N",-1,-33.3,0,0,0,0,0,0,0,0,0,0,0,0
"1379",13245,5,"62422",77,0,2015,"A",NA,3,18,504669,179416,3796,527,27403,NA,0.98,0.24,0.25,0.41,0.33,1,1,NA,0,0,1,5.9,13404,2.7,8943,5.2,617,19.4,-18,-3.3,-939,-3.3
"1380",13245,5,"624221",78,0,2015,"A",NA,3,18,504669,179416,3796,527,27403,NA,1.76,0.37,0.43,0.68,0.56,1.12,1.12,NA,0,0,1,5.9,13404,2.7,8943,5.2,617,19.4,-18,-3.3,-939,-3.3
"1381",13245,5,"62423",77,0,2015,"A","N",2,0,0,0,0,0,0,"N",2.41,0,0,0,0,0,0,"N",1,100,0,0,0,0,0,0,0,0,0,0,0,0
"1382",13245,5,"624230",78,0,2015,"A","N",2,0,0,0,0,0,0,"N",2.41,0,0,0,0,0,0,"N",1,100,0,0,0,0,0,0,0,0,0,0,0,0
"1383",13245,5,"6243",76,0,2015,"A",NA,8,336,7076145,1210141,7187,405,21081,NA,1.67,1.36,1.36,1.31,0.35,1,1,NA,0,0,7,2.1,44818,0.6,62477,5.4,133,1.9,-7,-1.7,-323,-1.5
"1384",13245,5,"62431",77,0,2015,"A",NA,8,336,7076145,1210141,7187,405,21081,NA,1.67,1.36,1.36,1.31,0.35,1,1,NA,0,0,7,2.1,44818,0.6,62477,5.4,133,1.9,-7,-1.7,-323,-1.5
"1385",13245,5,"624310",78,0,2015,"A",NA,8,336,7076145,1210141,7187,405,21081,NA,1.67,1.36,1.36,1.31,0.35,1,1,NA,0,0,7,2.1,44818,0.6,62477,5.4,133,1.9,-7,-1.7,-323,-1.5
"1386",13245,5,"6244",76,0,2015,"A",NA,53,640,10334733,6384053,143570,311,16159,NA,1.52,1.04,0.97,1.36,1.57,0.93,0.93,NA,0,0,-6,-0.9,128546,1.3,-317071,-4.7,-32737,-18.6,7,2.3,370,2.3
"1387",13245,5,"62441",77,0,2015,"A",NA,53,640,10334733,6384053,143570,311,16159,NA,1.52,1.04,0.97,1.36,1.57,0.93,0.93,NA,0,0,-6,-0.9,128546,1.3,-317071,-4.7,-32737,-18.6,7,2.3,370,2.3
"1388",13245,5,"624410",78,0,2015,"A",NA,53,640,10334733,6384053,143570,311,16159,NA,1.52,1.04,0.97,1.36,1.57,0.93,0.93,NA,0,0,-6,-0.9,128546,1.3,-317071,-4.7,-32737,-18.6,7,2.3,370,2.3
"1389",13245,5,"71",74,0,2015,"A",NA,57,1621,40338655,16525959,861515,479,24891,NA,0.85,1,0.84,1.47,3.04,0.84,0.84,NA,5,9.6,170,11.7,4196481,11.6,1461734,9.7,83379,10.7,0,0,-16,-0.1
"1390",13245,5,"711",75,0,2015,"A",NA,17,450,7479253,4058074,200727,320,16617,NA,0.65,1.32,0.31,1.46,2.5,0.24,0.24,NA,0,0,47,11.7,376654,5.3,329741,8.8,14777,7.9,-19,-5.6,-1029,-5.8
"1391",13245,5,"7111",76,0,2015,"A",NA,5,60,637876,86350,4258,203,10558,NA,1.02,0.68,0.18,0.12,0.17,0.27,0.27,NA,0,0,-2,-3.2,-163930,-20.4,10668,14.1,-214,-4.8,-48,-19.1,-2479,-19
"1392",13245,5,"71111",77,0,2015,"A","N",3,0,0,0,0,0,0,"N",1.78,0,0,0,0,0,0,"N",0,0,0,0,0,0,0,0,0,0,0,0,0,0
"1393",13245,5,"711110",78,0,2015,"A","N",3,0,0,0,0,0,0,"N",1.78,0,0,0,0,0,0,"N",0,0,0,0,0,0,0,0,0,0,0,0,0,0
"1394",13245,5,"71113",77,0,2015,"A","N",2,0,0,0,0,0,0,"N",0.82,0,0,0,0,0,0,"N",0,0,0,0,0,0,0,0,0,0,0,0,0,0
"1395",13245,5,"711130",78,0,2015,"A","N",2,0,0,0,0,0,0,"N",0.82,0,0,0,0,0,0,"N",0,0,0,0,0,0,0,0,0,0,0,0,0,0
"1396",13245,5,"7112",76,0,2015,"A",NA,3,57,1147155,406186,8771,384,19979,NA,0.95,0.55,0.1,0.48,0.44,0.18,0.18,"N",0,0,0,0,0,0,0,0,0,0,0,0,0,0
"1397",13245,5,"71121",77,0,2015,"A",NA,3,57,1147155,406186,8771,384,19979,NA,0.95,0.55,0.1,0.48,0.44,0.18,0.18,"N",0,0,0,0,0,0,0,0,0,0,0,0,0,0
"1398",13245,5,"711211",78,0,2015,"A","N",2,0,0,0,0,0,0,"N",1.93,0,0,0,0,0,0,"N",0,0,0,0,0,0,0,0,0,0,0,0,0,0
"1399",13245,5,"711219",78,0,2015,"A","N",1,0,0,0,0,0,0,"N",0.59,0,0,0,0,0,0,"N",0,0,0,0,0,0,0,0,0,0,0,0,0,0
"1400",13245,5,"7113",76,0,2015,"A","N",4,0,0,0,0,0,0,"N",1.07,0,0,0,0,0,0,"N",1,33.3,0,0,0,0,0,0,0,0,0,0,0,0
"1401",13245,5,"71131",77,0,2015,"A","N",2,0,0,0,0,0,0,"N",1.27,0,0,0,0,0,0,"N",0,0,0,0,0,0,0,0,0,0,0,0,0,0
"1402",13245,5,"711310",78,0,2015,"A","N",2,0,0,0,0,0,0,"N",1.27,0,0,0,0,0,0,"N",0,0,0,0,0,0,0,0,0,0,0,0,0,0
"1403",13245,5,"71132",77,0,2015,"A","N",2,0,0,0,0,0,0,"N",0.93,0,0,0,0,0,0,"N",1,100,0,0,0,0,0,0,0,0,0,0,0,0
"1404",13245,5,"711320",78,0,2015,"A","N",2,0,0,0,0,0,0,"N",0.93,0,0,0,0,0,0,"N",1,100,0,0,0,0,0,0,0,0,0,0,0,0
"1405",13245,5,"7114",76,0,2015,"A","N",1,0,0,0,0,0,0,"N",0.43,0,0,0,0,0,0,"N",-1,-50,0,0,0,0,0,0,0,0,0,0,0,0
"1406",13245,5,"71141",77,0,2015,"A","N",1,0,0,0,0,0,0,"N",0.43,0,0,0,0,0,0,"N",-1,-50,0,0,0,0,0,0,0,0,0,0,0,0
"1407",13245,5,"711410",78,0,2015,"A","N",1,0,0,0,0,0,0,"N",0.43,0,0,0,0,0,0,"N",-1,-50,0,0,0,0,0,0,0,0,0,0,0,0
"1408",13245,5,"7115",76,0,2015,"A","N",4,0,0,0,0,0,0,"N",0.33,0,0,0,0,0,0,"N",0,0,0,0,0,0,0,0,0,0,0,0,0,0
"1409",13245,5,"71151",77,0,2015,"A","N",4,0,0,0,0,0,0,"N",0.33,0,0,0,0,0,0,"N",0,0,0,0,0,0,0,0,0,0,0,0,0,0
"1410",13245,5,"711510",78,0,2015,"A","N",4,0,0,0,0,0,0,"N",0.33,0,0,0,0,0,0,"N",0,0,0,0,0,0,0,0,0,0,0,0,0,0
"1411",13245,5,"712",75,0,2015,"A",NA,5,54,1550867,491720,2926,557,28943,NA,1.6,0.47,0.5,1.01,0.29,1.06,1.06,NA,0,0,2,3.8,6788,0.4,16098,3.4,-894,-23.4,-19,-3.3,-991,-3.3
"1412",13245,5,"7121",76,0,2015,"A",NA,5,54,1550867,491720,2926,557,28943,NA,1.6,0.47,0.5,1.01,0.29,1.06,1.06,NA,0,0,2,3.8,6788,0.4,16098,3.4,-894,-23.4,-19,-3.3,-991,-3.3
"1413",13245,5,"71211",77,0,2015,"A","N",4,0,0,0,0,0,0,"N",1.92,0,0,0,0,0,0,"N",0,0,0,0,0,0,0,0,0,0,0,0,0,0
"1414",13245,5,"712110",78,0,2015,"A","N",4,0,0,0,0,0,0,"N",1.92,0,0,0,0,0,0,"N",0,0,0,0,0,0,0,0,0,0,0,0,0,0
"1415",13245,5,"71212",77,0,2015,"A","N",1,0,0,0,0,0,0,"N",3.29,0,0,0,0,0,0,"N",0,0,0,0,0,0,0,0,0,0,0,0,0,0
"1416",13245,5,"712120",78,0,2015,"A","N",1,0,0,0,0,0,0,"N",3.29,0,0,0,0,0,0,"N",0,0,0,0,0,0,0,0,0,0,0,0,0,0
"1417",13245,5,"713",75,0,2015,"A",NA,35,1117,31308535,11976165,657862,539,28031,NA,0.92,0.96,1.51,1.51,3.4,1.57,1.57,NA,5,16.7,120,12,3813039,13.9,1115895,10.3,69496,11.8,9,1.7,453,1.6
"1418",13245,5,"7131",76,0,2015,"A","N",1,0,0,0,0,0,0,"N",0.7,0,0,0,0,0,0,"N",1,100,0,0,0,0,0,0,0,0,0,0,0,0
"1419",13245,5,"71312",77,0,2015,"A","N",1,0,0,0,0,0,0,"N",1.04,0,0,0,0,0,0,"N",1,100,0,0,0,0,0,0,0,0,0,0,0,0
"1420",13245,5,"713120",78,0,2015,"A","N",1,0,0,0,0,0,0,"N",1.04,0,0,0,0,0,0,"N",1,100,0,0,0,0,0,0,0,0,0,0,0,0
"1421",13245,5,"7132",76,0,2015,"A","N",1,0,0,0,0,0,0,"N",0.61,0,0,0,0,0,0,"N",1,100,0,0,0,0,0,0,0,0,0,0,0,0
"1422",13245,5,"71329",77,0,2015,"A","N",1,0,0,0,0,0,0,"N",0.69,0,0,0,0,0,0,"N",1,100,0,0,0,0,0,0,0,0,0,0,0,0
"1423",13245,5,"713290",78,0,2015,"A","N",1,0,0,0,0,0,0,"N",0.69,0,0,0,0,0,0,"N",1,100,0,0,0,0,0,0,0,0,0,0,0,0
"1424",13245,5,"7139",76,0,2015,"A",NA,34,1115,31168127,11943208,656998,538,27962,NA,0.97,1.22,2.08,1.96,4.3,1.71,1.71,NA,4,13.3,118,11.8,3672631,13.4,1082938,10,68632,11.7,8,1.5,384,1.4
"1425",13245,5,"71391",77,0,2015,"A",NA,9,888,28036292,10107274,622121,607,31569,NA,1.59,3.29,5.15,4.82,9.12,1.56,1.57,NA,1,12.5,111,14.3,3574217,14.6,1138649,12.7,74631,13.6,1,0.2,76,0.2
"1426",13245,5,"713910",78,0,2015,"A",NA,9,888,28036292,10107274,622121,607,31569,NA,1.59,3.29,5.15,4.82,9.12,1.56,1.57,NA,1,12.5,111,14.3,3574217,14.6,1138649,12.7,74631,13.6,1,0.2,76,0.2
"1427",13245,5,"71393",77,0,2015,"A","N",1,0,0,0,0,0,0,"N",0.51,0,0,0,0,0,0,"N",0,0,0,0,0,0,0,0,0,0,0,0,0,0
"1428",13245,5,"713930",78,0,2015,"A","N",1,0,0,0,0,0,0,"N",0.51,0,0,0,0,0,0,"N",0,0,0,0,0,0,0,0,0,0,0,0,0,0
"1429",13245,5,"71394",77,0,2015,"A",NA,12,107,999812,613117,8002,179,9330,NA,0.74,0.25,0.18,0.26,0.18,0.69,0.69,NA,2,20,-3,-2.7,31003,3.2,48973,8.7,-2976,-27.1,9,5.3,509,5.8
"1430",13245,5,"713940",78,0,2015,"A",NA,12,107,999812,613117,8002,179,9330,NA,0.74,0.25,0.18,0.26,0.18,0.69,0.69,NA,2,20,-3,-2.7,31003,3.2,48973,8.7,-2976,-27.1,9,5.3,509,5.8
"1431",13245,5,"71395",77,0,2015,"A","N",1,0,0,0,0,0,0,"N",0.52,0,0,0,0,0,0,"N",-1,-50,0,0,0,0,0,0,0,0,0,0,0,0
"1432",13245,5,"713950",78,0,2015,"A","N",1,0,0,0,0,0,0,"N",0.52,0,0,0,0,0,0,"N",-1,-50,0,0,0,0,0,0,0,0,0,0,0,0
"1433",13245,5,"71399",77,0,2015,"A",NA,11,94,1570852,939310,21808,321,16667,NA,1.22,0.77,0.79,1.08,1.19,1.02,1.02,NA,1,10,23,32.4,245952,18.6,37852,4.2,-946,-4.2,-39,-10.8,-2060,-11
"1434",13245,5,"713990",78,0,2015,"A",NA,11,94,1570852,939310,21808,321,16667,NA,1.22,0.77,0.79,1.08,1.19,1.02,1.02,NA,1,10,23,32.4,245952,18.6,37852,4.2,-946,-4.2,-39,-10.8,-2060,-11
"1435",13245,5,"72",74,0,2015,"A",NA,445,10600,166951834,97097659,1484041,303,15751,NA,1.34,1.09,1.08,1.3,1.16,0.99,0.99,NA,11,2.5,416,4.1,13062742,8.5,5545723,6.1,63436,4.5,12,4.1,640,4.2
"1436",13245,5,"721",75,0,2015,"A",NA,66,1138,19240535,10885446,182880,325,16914,NA,1.96,0.79,0.55,0.77,0.65,0.7,0.7,NA,-1,-1.5,-77,-6.3,-2103029,-9.9,-1131166,-9.4,-15054,-7.6,-13,-3.8,-660,-3.8
"1437",13245,5,"7211",76,0,2015,"A",NA,66,1138,19240535,10885446,182880,325,16914,NA,2.27,0.82,0.57,0.8,0.67,0.69,0.69,NA,-1,-1.5,-77,-6.3,-2103029,-9.9,-1131166,-9.4,-15054,-7.6,-13,-3.8,-660,-3.8
"1438",13245,5,"72111",77,0,2015,"A","N",65,0,0,0,0,0,0,"N",2.45,0,0,0,0,0,0,"N",0,0,0,0,0,0,0,0,0,0,0,0,0,0
"1439",13245,5,"721110",78,0,2015,"A","N",65,0,0,0,0,0,0,"N",2.45,0,0,0,0,0,0,"N",0,0,0,0,0,0,0,0,0,0,0,0,0,0
"1440",13245,5,"72119",77,0,2015,"A","N",1,0,0,0,0,0,0,"N",0.42,0,0,0,0,0,0,"N",-1,-50,0,0,0,0,0,0,0,0,0,0,0,0
"1441",13245,5,"721199",78,0,2015,"A","N",1,0,0,0,0,0,0,"N",1.03,0,0,0,0,0,0,"N",0,0,0,0,0,0,0,0,0,0,0,0,0,0
"1442",13245,5,"722",75,0,2015,"A",NA,379,9462,147711299,86212213,1301161,300,15611,NA,1.27,1.14,1.24,1.42,1.31,1.08,1.08,NA,11,3,492,5.5,15165771,11.4,6676889,8.4,78490,6.4,16,5.6,834,5.6
"1443",13245,5,"7223",76,0,2015,"A",NA,25,797,18201475,8727881,547539,439,22828,NA,1.38,1.65,1.9,2.19,3.93,1.15,1.15,NA,1,4.2,4,0.5,943781,5.5,539039,6.6,35073,6.8,20,4.8,1063,4.9
"1444",13245,5,"72231",77,0,2015,"A","N",18,0,0,0,0,0,0,"N",1.71,0,0,0,0,0,0,"N",1,5.9,0,0,0,0,0,0,0,0,0,0,0,0
"1445",13245,5,"722310",78,0,2015,"A","N",18,0,0,0,0,0,0,"N",1.71,0,0,0,0,0,0,"N",1,5.9,0,0,0,0,0,0,0,0,0,0,0,0
"1446",13245,5,"72232",77,0,2015,"A","N",7,0,0,0,0,0,0,"N",1.21,0,0,0,0,0,0,"N",1,16.7,0,0,0,0,0,0,0,0,0,0,0,0
"1447",13245,5,"722320",78,0,2015,"A","N",7,0,0,0,0,0,0,"N",1.21,0,0,0,0,0,0,"N",1,16.7,0,0,0,0,0,0,0,0,0,0,0,0
"1448",13245,5,"7224",76,0,2015,"A",NA,31,263,4929136,2650050,27577,360,18724,NA,1.44,0.94,1.29,1.29,0.78,1.36,1.36,NA,2,6.9,27,11.4,654658,15.3,60201,2.3,4625,20.2,12,3.4,637,3.5
"1449",13245,5,"72241",77,0,2015,"A",NA,31,263,4929136,2650050,27577,360,18724,NA,1.44,0.94,1.29,1.29,0.78,1.36,1.36,NA,2,6.9,27,11.4,654658,15.3,60201,2.3,4625,20.2,12,3.4,637,3.5
"1450",13245,5,"722410",78,0,2015,"A",NA,31,263,4929136,2650050,27577,360,18724,NA,1.44,0.94,1.29,1.29,0.78,1.36,1.36,NA,2,6.9,27,11.4,654658,15.3,60201,2.3,4625,20.2,12,3.4,637,3.5
"1451",13245,5,"7225",76,0,2015,"A",NA,323,8402,124580688,74834282,726045,285,14828,NA,1.24,1.12,1.18,1.37,0.88,1.05,1.05,NA,8,2.5,462,5.8,13567332,12.2,6077649,8.8,38792,5.6,16,5.9,847,6.1
"1452",13245,5,"72251",77,0,2015,"A",NA,323,8402,124580688,74834282,726045,285,14828,NA,1.24,1.12,1.18,1.37,0.88,1.05,1.05,NA,8,2.5,462,5.8,13567332,12.2,6077649,8.8,38792,5.6,16,5.9,847,6.1
"1453",13245,5,"722511",78,0,2015,"A",NA,123,3788,59127105,35947113,321647,300,15611,NA,1.05,0.97,0.95,1.17,0.67,0.98,0.98,NA,-3,-2.4,-5,-0.1,3462291,6.2,1362395,3.9,7361,2.3,18,6.4,935,6.4
"1454",13245,5,"722513",78,0,2015,"A",NA,177,3978,48840155,33193393,325948,236,12277,NA,1.57,1.3,1.34,1.64,1.18,1.03,1.03,NA,13,7.9,399,11.1,6447206,15.2,4190913,14.5,15654,5,8,3.5,432,3.6
"1455",13245,5,"722514",78,0,2015,"A",NA,6,194,3037384,1791766,24770,301,15643,NA,1.73,2.1,2.38,2.78,2.19,1.14,1.13,NA,0,0,-11,-5.4,-10753,-0.4,-33790,-1.9,-4512,-15.4,16,5.6,798,5.4
"1456",13245,5,"722515",78,0,2015,"A",NA,18,442,13576044,3902010,53680,591,30732,NA,0.68,0.98,2.31,1.25,1.04,2.34,2.35,NA,-1,-5.3,79,21.8,3668588,37,558131,16.7,20289,60.8,67,12.8,3470,12.7
"1457",13245,5,"81",74,0,2015,"A",NA,366,2735,80501163,24564197,416554,566,29435,NA,0.89,0.85,0.87,0.97,0.85,1.02,1.02,NA,-6,-1.6,-38,-1.4,2194218,2.8,236287,1,-84116,-16.8,23,4.2,1196,4.2
"1458",13245,5,"811",75,0,2015,"A",NA,119,1011,40431907,12067438,213002,769,39989,NA,1.06,1.06,1.24,1.28,1.12,1.17,1.17,NA,1,0.8,-38,-3.6,828956,2.1,-317463,-2.6,-77013,-26.6,43,5.9,2248,6
"1459",13245,5,"8111",76,0,2015,"A",NA,82,639,25994466,7637242,110928,782,40669,NA,1.03,0.96,1.31,1.19,0.92,1.37,1.37,NA,-1,-1.2,-6,-0.9,1169082,4.7,214149,2.9,-7951,-6.7,42,5.7,2200,5.7
"1460",13245,5,"81111",77,0,2015,"A",NA,51,343,14408902,3841519,56386,809,42060,NA,1.11,1.16,1.53,1.3,1.05,1.32,1.32,NA,-1,-1.9,-18,-5,538541,3.9,-92455,-2.4,-6348,-10.1,70,9.5,3611,9.4
"1461",13245,5,"811111",78,0,2015,"A",NA,42,273,11444165,3083376,48249,806,41894,NA,1.06,1.08,1.42,1.22,1.05,1.31,1.31,NA,-1,-2.3,-20,-6.8,207931,1.9,-96246,-3,-3357,-6.5,67,9.1,3490,9.1
"1462",13245,5,"811112",78,0,2015,"A","N",1,0,0,0,0,0,0,"N",0.75,0,0,0,0,0,0,"N",0,0,0,0,0,0,0,0,0,0,0,0,0,0
"1463",13245,5,"811113",78,0,2015,"A","N",3,0,0,0,0,0,0,"N",1.3,0,0,0,0,0,0,"N",0,0,0,0,0,0,0,0,0,0,0,0,0,0
"1464",13245,5,"811118",78,0,2015,"A",NA,5,34,1638093,357395,4246,933,48536,NA,1.71,1.56,2.32,1.72,1.14,1.5,1.5,NA,0,0,-1,-2.9,215279,15.1,-41911,-10.5,-2173,-33.9,149,19,7787,19.1
"1465",13245,5,"81112",77,0,2015,"A",NA,17,206,9857676,2858241,44174,918,47756,NA,0.85,1.06,1.37,1.42,1.03,1.29,1.29,NA,0,0,1,0.5,287211,3,196356,7.4,-6006,-12,21,2.3,1109,2.4
"1466",13245,5,"811121",78,0,2015,"A","N",16,0,0,0,0,0,0,"N",0.93,0,0,0,0,0,0,"N",0,0,0,0,0,0,0,0,0,0,0,0,0,0
"1467",13245,5,"811122",78,0,2015,"A","N",1,0,0,0,0,0,0,"N",0.35,0,0,0,0,0,0,"N",0,0,0,0,0,0,0,0,0,0,0,0,0,0
"1468",13245,5,"81119",77,0,2015,"A",NA,15,90,1727888,937482,10368,369,19163,NA,1.12,0.5,0.52,0.65,0.44,1.04,1.04,NA,1,7.1,11,13.9,343330,24.8,110248,13.3,4403,73.8,34,10.1,1729,9.9
"1469",13245,5,"811191",78,0,2015,"A","N",6,0,0,0,0,0,0,"N",1.64,0,0,0,0,0,0,"N",0,0,0,0,0,0,0,0,0,0,0,0,0,0
"1470",13245,5,"811192",78,0,2015,"A","N",9,0,0,0,0,0,0,"N",1.24,0,0,0,0,0,0,"N",1,12.5,0,0,0,0,0,0,0,0,0,0,0,0
"1471",13245,5,"8112",76,0,2015,"A",NA,8,172,5795995,1947866,43422,649,33763,NA,0.97,2.25,1.58,2.53,2.49,0.7,0.7,NA,0,0,-45,-20.7,-468002,-7.5,-818870,-29.6,-62710,-59.1,93,16.7,4830,16.7
"1472",13245,5,"81121",77,0,2015,"A",NA,8,172,5795995,1947866,43422,649,33763,NA,0.97,2.25,1.58,2.53,2.49,0.7,0.7,NA,0,0,-45,-20.7,-468002,-7.5,-818870,-29.6,-62710,-59.1,93,16.7,4830,16.7
"1473",13245,5,"811211",78,0,2015,"A","N",2,0,0,0,0,0,0,"N",1.95,0,0,0,0,0,0,"N",0,0,0,0,0,0,0,0,0,0,0,0,0,0
"1474",13245,5,"811212",78,0,2015,"A","N",3,0,0,0,0,0,0,"N",0.85,0,0,0,0,0,0,"N",0,0,0,0,0,0,0,0,0,0,0,0,0,0
"1475",13245,5,"811213",78,0,2015,"A","N",1,0,0,0,0,0,0,"N",1.11,0,0,0,0,0,0,"N",0,0,0,0,0,0,0,0,0,0,0,0,0,0
"1476",13245,5,"811219",78,0,2015,"A","N",2,0,0,0,0,0,0,"N",0.72,0,0,0,0,0,0,"N",0,0,0,0,0,0,0,0,0,0,0,0,0,0
"1477",13245,5,"8113",76,0,2015,"A",NA,16,157,7592515,2053236,55530,931,48411,NA,1.15,1.03,1.03,1.21,1.33,1,1,NA,0,0,5,3.3,7661,0.1,223801,12.2,-6422,-10.4,-30,-3.1,-1572,-3.1
"1478",13245,5,"81131",77,0,2015,"A",NA,16,157,7592515,2053236,55530,931,48411,NA,1.15,1.03,1.03,1.21,1.33,1,1,NA,0,0,5,3.3,7661,0.1,223801,12.2,-6422,-10.4,-30,-3.1,-1572,-3.1
"1479",13245,5,"811310",78,0,2015,"A",NA,16,157,7592515,2053236,55530,931,48411,NA,1.15,1.03,1.03,1.21,1.33,1,1,NA,0,0,5,3.3,7661,0.1,223801,12.2,-6422,-10.4,-30,-3.1,-1572,-3.1
"1480",13245,5,"8114",76,0,2015,"A",NA,12,43,1048931,429094,3122,465,24160,NA,1.12,0.77,0.66,0.79,0.29,0.85,0.84,NA,1,9.1,7,19.4,120215,12.9,63457,17.4,70,2.3,-35,-7,-1818,-7
"1481",13245,5,"81142",77,0,2015,"A",NA,4,22,570232,218365,1315,489,25438,NA,1.98,1.9,1.84,2.12,0.62,0.95,0.95,"N",1,33.3,0,0,0,0,0,0,0,0,0,0,0,0
"1482",13245,5,"811420",78,0,2015,"A",NA,4,22,570232,218365,1315,489,25438,NA,1.98,1.9,1.84,2.12,0.62,0.95,0.95,"N",1,33.3,0,0,0,0,0,0,0,0,0,0,0,0
"1483",13245,5,"81143",77,0,2015,"A","N",2,0,0,0,0,0,0,"N",3.97,0,0,0,0,0,0,"N",0,0,0,0,0,0,0,0,0,0,0,0,0,0
"1484",13245,5,"811430",78,0,2015,"A","N",2,0,0,0,0,0,0,"N",3.97,0,0,0,0,0,0,"N",0,0,0,0,0,0,0,0,0,0,0,0,0,0
"1485",13245,5,"81149",77,0,2015,"A","N",6,0,0,0,0,0,0,"N",1.17,0,0,0,0,0,0,"N",0,0,0,0,0,0,0,0,0,0,0,0,0,0
"1486",13245,5,"811490",78,0,2015,"A","N",6,0,0,0,0,0,0,"N",1.17,0,0,0,0,0,0,"N",0,0,0,0,0,0,0,0,0,0,0,0,0,0
"1487",13245,5,"812",75,0,2015,"A",NA,108,697,17660660,7457347,97793,487,25329,NA,1.04,0.66,0.8,0.87,0.67,1.2,1.21,NA,5,4.9,21,3.1,1255198,7.7,489834,7,-10976,-10.1,20,4.3,1055,4.3
"1488",13245,5,"8121",76,0,2015,"A",NA,58,284,6002719,3058248,37349,407,21174,NA,1,0.57,0.66,0.75,0.6,1.16,1.16,NA,4,7.4,19,7.2,620712,11.5,341759,12.6,2509,7.2,17,4.4,884,4.4
"1489",13245,5,"81211",77,0,2015,"A",NA,51,235,5028280,2456493,25117,412,21427,NA,1.06,0.59,0.69,0.75,0.53,1.17,1.17,NA,3,6.2,12,5.4,388903,8.4,223019,10,-144,-0.6,12,3,615,3
"1490",13245,5,"812111",78,0,2015,"A","N",1,0,0,0,0,0,0,"N",0.45,0,0,0,0,0,0,"N",1,100,0,0,0,0,0,0,0,0,0,0,0,0
"1491",13245,5,"812112",78,0,2015,"A",NA,45,222,4787656,2325598,22994,415,21574,NA,1.25,0.69,0.78,0.88,0.63,1.13,1.13,NA,2,4.7,8,3.7,282675,6.3,165620,7.7,-1804,-7.3,11,2.7,564,2.7
"1492",13245,5,"812113",78,0,2015,"A","N",6,0,0,0,0,0,0,"N",0.6,0,0,0,0,0,0,"N",1,20,0,0,0,0,0,0,0,0,0,0,0,0
"1493",13245,5,"81219",77,0,2015,"A",NA,7,49,974439,601755,12232,384,19954,NA,0.69,0.46,0.53,0.76,0.84,1.14,1.14,NA,0,0,7,16.7,231809,31.2,118740,24.6,2653,27.7,47,13.9,2412,13.7
"1494",13245,5,"812191",78,0,2015,"A","N",1,0,0,0,0,0,0,"N",0.78,0,0,0,0,0,0,"N",0,0,0,0,0,0,0,0,0,0,0,0,0,0
"1495",13245,5,"812199",78,0,2015,"A","N",6,0,0,0,0,0,0,"N",0.67,0,0,0,0,0,0,"N",0,0,0,0,0,0,0,0,0,0,0,0,0,0
"1496",13245,5,"8122",76,0,2015,"A",NA,13,108,2753543,934736,6735,490,25476,NA,1.41,1.07,0.9,1.18,0.48,0.84,0.84,NA,2,18.2,1,0.9,-25903,-0.9,-16651,-1.8,-341,-4.8,-9,-1.8,-480,-1.8
"1497",13245,5,"81221",77,0,2015,"A",NA,9,82,2043789,664944,5321,479,24924,NA,1.29,1.04,0.86,1.09,0.6,0.83,0.83,NA,2,28.6,1,1.2,36912,1.8,-1550,-0.2,252,5,1,0.2,71,0.3
"1498",13245,5,"812210",78,0,2015,"A",NA,9,82,2043789,664944,5321,479,24924,NA,1.29,1.04,0.86,1.09,0.6,0.83,0.83,NA,2,28.6,1,1.2,36912,1.8,-1550,-0.2,252,5,1,0.2,71,0.3
"1499",13245,5,"81222",77,0,2015,"A",NA,4,26,709754,269792,1414,523,27211,NA,1.78,1.18,1.03,1.51,0.27,0.87,0.87,NA,0,0,0,0,-62815,-8.1,-15101,-5.3,-593,-29.5,-41,-7.3,-2127,-7.2
"1500",13245,5,"812220",78,0,2015,"A",NA,4,26,709754,269792,1414,523,27211,NA,1.78,1.18,1.03,1.51,0.27,0.87,0.87,NA,0,0,0,0,-62815,-8.1,-15101,-5.3,-593,-29.5,-41,-7.3,-2127,-7.2
"1501",13245,5,"8123",76,0,2015,"A",NA,24,217,7069113,2541198,44941,627,32602,NA,1.43,0.96,1.36,1.32,1.31,1.41,1.41,NA,-1,-4,1,0.5,532432,8.1,140326,5.8,-11206,-20,44,7.5,2269,7.5
"1502",13245,5,"81231",77,0,2015,"A","N",4,0,0,0,0,0,0,"N",0.84,0,0,0,0,0,0,"N",0,0,0,0,0,0,0,0,0,0,0,0,0,0
"1503",13245,5,"812310",78,0,2015,"A","N",4,0,0,0,0,0,0,"N",0.84,0,0,0,0,0,0,"N",0,0,0,0,0,0,0,0,0,0,0,0,0,0
"1504",13245,5,"81232",77,0,2015,"A",NA,14,66,1149239,688439,9386,334,17347,NA,1.31,0.64,0.66,0.85,0.8,1.02,1.02,NA,-1,-6.7,-7,-9.6,-22685,-1.9,-15641,-2.2,-766,-7.5,26,8.4,1312,8.2
"1505",13245,5,"812320",78,0,2015,"A",NA,14,66,1149239,688439,9386,334,17347,NA,1.31,0.64,0.66,0.85,0.8,1.02,1.02,NA,-1,-6.7,-7,-9.6,-22685,-1.9,-15641,-2.2,-766,-7.5,26,8.4,1312,8.2
"1506",13245,5,"81233",77,0,2015,"A","N",6,0,0,0,0,0,0,"N",4.32,0,0,0,0,0,0,"N",0,0,0,0,0,0,0,0,0,0,0,0,0,0
"1507",13245,5,"812331",78,0,2015,"A","N",3,0,0,0,0,0,0,"N",4.11,0,0,0,0,0,0,"N",0,0,0,0,0,0,0,0,0,0,0,0,0,0
"1508",13245,5,"812332",78,0,2015,"A",NA,3,98,3850086,919167,16960,758,39421,NA,4.56,2.22,2.45,2.21,1.83,1.11,1.11,NA,0,0,8,8.9,453717,13.4,108760,13.4,-4974,-22.7,32,4.4,1649,4.4
"1509",13245,5,"8129",76,0,2015,"A",NA,13,89,1835285,923165,8768,397,20660,NA,0.65,0.39,0.39,0.52,0.24,0.99,0.99,NA,0,0,1,1.1,127957,7.5,24400,2.7,-1938,-18.1,24,6.4,1259,6.5
"1510",13245,5,"81291",77,0,2015,"A",NA,6,67,1269851,682803,4179,366,19048,NA,0.76,0.93,1.07,1.23,0.45,1.15,1.15,NA,0,0,7,11.7,135923,12,88420,14.9,-210,-4.8,2,0.5,97,0.5
"1511",13245,5,"812910",78,0,2015,"A",NA,6,67,1269851,682803,4179,366,19048,NA,0.76,0.93,1.07,1.23,0.45,1.15,1.15,NA,0,0,7,11.7,135923,12,88420,14.9,-210,-4.8,2,0.5,97,0.5
"1512",13245,5,"81292",77,0,2015,"A","N",2,0,0,0,0,0,0,"N",4.55,0,0,0,0,0,0,"N",0,0,0,0,0,0,0,0,0,0,0,0,0,0
"1513",13245,5,"812922",78,0,2015,"A","N",2,0,0,0,0,0,0,"N",17.34,0,0,0,0,0,0,"N",0,0,0,0,0,0,0,0,0,0,0,0,0,0
"1514",13245,5,"81293",77,0,2015,"A","N",2,0,0,0,0,0,0,"N",0.56,0,0,0,0,0,0,"N",0,0,0,0,0,0,0,0,0,0,0,0,0,0
"1515",13245,5,"812930",78,0,2015,"A","N",2,0,0,0,0,0,0,"N",0.56,0,0,0,0,0,0,"N",0,0,0,0,0,0,0,0,0,0,0,0,0,0
"1516",13245,5,"81299",77,0,2015,"A",NA,3,14,357267,136237,2468,485,25219,NA,0.38,0.31,0.27,0.35,0.31,0.85,0.85,"N",1,50,0,0,0,0,0,0,0,0,0,0,0,0
"1517",13245,5,"812990",78,0,2015,"A",NA,3,14,357267,136237,2468,485,25219,NA,0.38,0.31,0.27,0.35,0.31,0.85,0.85,"N",1,50,0,0,0,0,0,0,0,0,0,0,0,0
"1518",13245,5,"813",75,0,2015,"A",NA,63,953,21163414,4370742,93322,427,22215,NA,0.88,0.94,0.62,0.76,0.76,0.66,0.66,NA,1,1.6,-1,-0.1,690584,3.4,235798,5.7,22021,30.9,14,3.4,753,3.5
"1519",13245,5,"8131",76,0,2015,"A",NA,6,84,1307182,179828,5734,300,15577,NA,0.53,0.6,0.41,0.36,0.54,0.7,0.7,NA,0,0,2,2.4,83830,6.9,276,0.2,750,15,13,4.5,628,4.2
"1520",13245,5,"81311",77,0,2015,"A",NA,6,84,1307182,179828,5734,300,15577,NA,0.53,0.6,0.41,0.36,0.54,0.7,0.7,NA,0,0,2,2.4,83830,6.9,276,0.2,750,15,13,4.5,628,4.2
"1521",13245,5,"813110",78,0,2015,"A",NA,6,84,1307182,179828,5734,300,15577,NA,0.53,0.6,0.41,0.36,0.54,0.7,0.7,NA,0,0,2,2.4,83830,6.9,276,0.2,750,15,13,4.5,628,4.2
"1522",13245,5,"8132",76,0,2015,"A",NA,6,54,2676047,581592,12146,949,49328,NA,0.8,0.53,0.51,0.92,0.85,0.97,0.97,NA,-1,-14.3,7,14.9,282197,11.8,316596,119.5,9469,353.7,-25,-2.6,-1335,-2.6
"1523",13245,5,"81321",77,0,2015,"A",NA,6,54,2676047,581592,12146,949,49328,NA,0.8,0.53,0.51,0.92,0.85,0.97,0.97,NA,-1,-14.3,7,14.9,282197,11.8,316596,119.5,9469,353.7,-25,-2.6,-1335,-2.6
"1524",13245,5,"813211",78,0,2015,"A","N",1,0,0,0,0,0,0,"N",0.25,0,0,0,0,0,0,"N",0,0,0,0,0,0,0,0,0,0,0,0,0,0
"1525",13245,5,"813212",78,0,2015,"A","N",2,0,0,0,0,0,0,"N",1.09,0,0,0,0,0,0,"N",-1,-33.3,0,0,0,0,0,0,0,0,0,0,0,0
"1526",13245,5,"813219",78,0,2015,"A",NA,3,34,1333534,210189,4046,762,39610,NA,1.76,1.24,1.15,1.36,1.03,0.94,0.94,NA,0,0,-3,-8.1,-169296,-11.3,29398,16.3,1983,96.1,-28,-3.5,-1470,-3.6
"1527",13245,5,"8133",76,0,2015,"A",NA,9,93,3181138,958033,19455,660,34298,NA,0.86,0.62,0.56,0.88,0.73,0.92,0.92,NA,1,12.5,8,9.4,211948,7.1,-114380,-10.7,-2578,-11.7,-10,-1.5,-531,-1.5
"1528",13245,5,"81331",77,0,2015,"A",NA,9,93,3181138,958033,19455,660,34298,NA,0.86,0.62,0.56,0.88,0.73,0.92,0.92,NA,1,12.5,8,9.4,211948,7.1,-114380,-10.7,-2578,-11.7,-10,-1.5,-531,-1.5
"1529",13245,5,"813311",78,0,2015,"A","N",2,0,0,0,0,0,0,"N",0.92,0,0,0,0,0,0,"N",0,0,0,0,0,0,0,0,0,0,0,0,0,0
"1530",13245,5,"813312",78,0,2015,"A","N",3,0,0,0,0,0,0,"N",0.99,0,0,0,0,0,0,"N",2,200,0,0,0,0,0,0,0,0,0,0,0,0
"1531",13245,5,"813319",78,0,2015,"A",NA,4,43,1488630,463088,14004,663,34486,NA,0.76,0.61,0.54,0.85,0.96,0.88,0.88,NA,0,0,5,13.2,173007,13.2,68345,17.3,-2478,-15,0,0,16,0
"1532",13245,5,"8134",76,0,2015,"A",NA,20,603,7301814,1553605,35665,233,12119,NA,1.54,2.04,1.6,1.75,1.93,0.78,0.78,NA,0,0,-8,-1.3,197121,2.8,48358,3.2,13655,62,10,4.5,497,4.3
"1533",13245,5,"81341",77,0,2015,"A",NA,20,603,7301814,1553605,35665,233,12119,NA,1.54,2.04,1.6,1.75,1.93,0.78,0.78,NA,0,0,-8,-1.3,197121,2.8,48358,3.2,13655,62,10,4.5,497,4.3
"1534",13245,5,"813410",78,0,2015,"A",NA,20,603,7301814,1553605,35665,233,12119,NA,1.54,2.04,1.6,1.75,1.93,0.78,0.78,NA,0,0,-8,-1.3,197121,2.8,48358,3.2,13655,62,10,4.5,497,4.3
"1535",13245,5,"8139",76,0,2015,"A",NA,22,119,6697233,1097684,20322,1080,56161,NA,0.75,0.37,0.43,0.42,0.38,1.17,1.17,NA,-1,-4.3,-9,-7,-84512,-1.2,-15052,-1.4,725,3.7,63,6.2,3282,6.2
"1536",13245,5,"81391",77,0,2015,"A",NA,5,15,734284,167922,3208,947,49226,NA,0.52,0.17,0.13,0.2,0.21,0.79,0.79,NA,0,0,-1,-6.2,-24103,-3.2,-3824,-2.2,-703,-18,40,4.4,2072,4.4
"1537",13245,5,"813910",78,0,2015,"A",NA,5,15,734284,167922,3208,947,49226,NA,0.52,0.17,0.13,0.2,0.21,0.79,0.79,NA,0,0,-1,-6.2,-24103,-3.2,-3824,-2.2,-703,-18,40,4.4,2072,4.4
"1538",13245,5,"81392",77,0,2015,"A",NA,4,37,4673833,400746,5498,2424,126036,NA,0.99,0.6,1.1,0.78,0.52,1.83,1.83,NA,0,0,0,0,-31024,-0.7,-44746,-10,-1998,-26.7,-21,-0.9,-1122,-0.9
"1539",13245,5,"813920",78,0,2015,"A",NA,4,37,4673833,400746,5498,2424,126036,NA,0.99,0.6,1.1,0.78,0.52,1.83,1.83,NA,0,0,0,0,-31024,-0.7,-44746,-10,-1998,-26.7,-21,-0.9,-1122,-0.9
"1540",13245,5,"81393",77,0,2015,"A",NA,10,63,1129092,418161,6763,344,17875,NA,1.46,0.74,0.39,0.71,0.57,0.53,0.53,NA,-1,-9.1,-4,-6,72626,6.9,25264,6.4,978,16.9,40,13.2,2048,12.9
"1541",13245,5,"813930",78,0,2015,"A",NA,10,63,1129092,418161,6763,344,17875,NA,1.46,0.74,0.39,0.71,0.57,0.53,0.53,NA,-1,-9.1,-4,-6,72626,6.9,25264,6.4,978,16.9,40,13.2,2048,12.9
"1542",13245,5,"81394",77,0,2015,"A","N",0,0,0,0,0,0,0,"N",0,0,0,0,0,0,0,"N",-1,-100,0,0,0,0,0,0,0,0,0,0,0,0
"1543",13245,5,"813940",78,0,2015,"A","N",0,0,0,0,0,0,0,"N",0,0,0,0,0,0,0,"N",-1,-100,0,0,0,0,0,0,0,0,0,0,0,0
"1544",13245,5,"81399",77,0,2015,"A","N",2,0,0,0,0,0,0,"N",0.26,0,0,0,0,0,0,"N",0,0,0,0,0,0,0,0,0,0,0,0,0,0
"1545",13245,5,"813990",78,0,2015,"A","N",2,0,0,0,0,0,0,"N",0.26,0,0,0,0,0,0,"N",0,0,0,0,0,0,0,0,0,0,0,0,0,0
"1546",13245,5,"814",75,0,2015,"A",NA,78,74,1245182,668670,12437,324,16865,NA,0.65,0.35,0.3,0.4,0.4,0.86,0.86,NA,-11,-12.4,-20,-21.3,-580520,-31.8,-171882,-20.4,-18148,-59.3,-50,-13.4,-2575,-13.2
"1547",13245,5,"8141",76,0,2015,"A",NA,78,74,1245182,668670,12437,324,16865,NA,0.65,0.35,0.3,0.4,0.4,0.86,0.86,NA,-11,-12.4,-20,-21.3,-580520,-31.8,-171882,-20.4,-18148,-59.3,-50,-13.4,-2575,-13.2
"1548",13245,5,"81411",77,0,2015,"A",NA,78,74,1245182,668670,12437,324,16865,NA,0.65,0.35,0.3,0.4,0.4,0.86,0.86,NA,-11,-12.4,-20,-21.3,-580520,-31.8,-171882,-20.4,-18148,-59.3,-50,-13.4,-2575,-13.2
"1549",13245,5,"814110",78,0,2015,"A",NA,78,74,1245182,668670,12437,324,16865,NA,0.65,0.35,0.3,0.4,0.4,0.86,0.86,NA,-11,-12.4,-20,-21.3,-580520,-31.8,-171882,-20.4,-18148,-59.3,-50,-13.4,-2575,-13.2
"1550",13245,5,"99",74,0,2015,"A",NA,126,112,4791703,1859186,46322,822,42719,NA,1.3,0.62,0.64,0.89,0.84,1.03,1.03,NA,-14,-10,-56,-33.3,-2770785,-36.6,-832766,-30.9,-20596,-30.8,-46,-5.3,-2430,-5.4
"1551",13245,5,"999",75,0,2015,"A",NA,126,112,4791703,1859186,46322,822,42719,NA,1.3,0.62,0.64,0.89,0.84,1.03,1.03,NA,-14,-10,-56,-33.3,-2770785,-36.6,-832766,-30.9,-20596,-30.8,-46,-5.3,-2430,-5.4
"1552",13245,5,"9999",76,0,2015,"A",NA,126,112,4791703,1859186,46322,822,42719,NA,1.3,0.62,0.64,0.89,0.84,1.03,1.03,NA,-14,-10,-56,-33.3,-2770785,-36.6,-832766,-30.9,-20596,-30.8,-46,-5.3,-2430,-5.4
"1553",13245,5,"99999",77,0,2015,"A",NA,126,112,4791703,1859186,46322,822,42719,NA,1.3,0.62,0.64,0.89,0.84,1.03,1.03,NA,-14,-10,-56,-33.3,-2770785,-36.6,-832766,-30.9,-20596,-30.8,-46,-5.3,-2430,-5.4
"1554",13245,5,"999999",78,0,2015,"A",NA,126,112,4791703,1859186,46322,822,42719,NA,1.3,0.62,0.64,0.89,0.84,1.03,1.03,NA,-14,-10,-56,-33.3,-2770785,-36.6,-832766,-30.9,-20596,-30.8,-46,-5.3,-2430,-5.4
